1th Eigenvalue: -0.0000000000
1	1	  0.043231
2	1	  0.020905
3	1	 -0.017741
4	1	  0.086466
5	1	  0.028729
6	1	 -0.032889
7	1	  0.098405
8	1	  0.028459
9	1	 -0.036323
10	1	  0.071609
11	1	  0.037356
12	1	 -0.031171
13	1	 -0.003353
14	1	  0.060138
15	1	 -0.016109
16	1	 -0.080943
17	1	  0.078590
18	1	  0.001062
19	1	 -0.152218
20	1	  0.116410
21	1	  0.010403
22	1	 -0.194899
23	1	  0.173433
24	1	  0.005402
25	1	 -0.199088
26	1	  0.236230
27	1	 -0.012719
28	1	 -0.154146
29	1	  0.305736
30	1	 -0.047381
31	1	 -0.091242
32	1	  0.353124
33	1	 -0.080518
34	1	 -0.025579
35	1	  0.379013
36	1	 -0.107842
37	1	 -0.073493
38	1	  0.173070
39	1	 -0.030252
40	1	  0.004164
41	1	  0.171583
42	1	 -0.052672
43	1	  0.057307
44	1	  0.169823
45	1	 -0.067786
46	1	  0.071398
47	1	  0.162100
48	1	 -0.069557
49	1	  0.038889
50	1	  0.136749
51	1	 -0.052166
52	1	 -0.013365
53	1	  0.121459
54	1	 -0.032059
55	1	 -0.084941
56	1	  0.084557
57	1	  0.000401
58	1	 -0.135612
59	1	  0.026498
60	1	  0.033223
61	1	 -0.154083
62	1	 -0.037012
63	1	  0.058239
64	1	 -0.113546
65	1	 -0.103088
66	1	  0.066662
67	1	 -0.053081
68	1	 -0.151591
69	1	  0.063798
70	1	  0.031127
71	1	 -0.179370
72	1	  0.047552


2th Eigenvalue:  0.0000000000
1	2	  0.138541
2	2	  0.000828
3	2	  0.046417
4	2	  0.129801
5	2	 -0.042122
6	2	  0.095141
7	2	  0.097379
8	2	 -0.099532
9	2	  0.132905
10	2	  0.041217
11	2	 -0.156314
12	2	  0.138464
13	2	 -0.038607
14	2	 -0.202341
15	2	  0.097712
16	2	 -0.104053
17	2	 -0.227414
18	2	  0.046536
19	2	 -0.148244
20	2	 -0.215742
21	2	 -0.028147
22	2	 -0.161280
23	2	 -0.170476
24	2	 -0.108853
25	2	 -0.149102
26	2	 -0.115442
27	2	 -0.169995
28	2	 -0.118747
29	2	 -0.068942
30	2	 -0.195179
31	2	 -0.081997
32	2	 -0.039142
33	2	 -0.188497
34	2	 -0.062124
35	2	 -0.047971
36	2	 -0.149889
37	2	 -0.155065
38	2	 -0.257738
39	2	  0.021771
40	2	 -0.075234
41	2	 -0.202389
42	2	  0.049452
43	2	 -0.007269
44	2	 -0.145251
45	2	  0.058968
46	2	  0.043054
47	2	 -0.086377
48	2	  0.042769
49	2	  0.064215
50	2	 -0.043038
51	2	  0.009888
52	2	  0.059697
53	2	 -0.016503
54	2	 -0.033301
55	2	  0.025092
56	2	 -0.030628
57	2	 -0.059144
58	2	 -0.012670
59	2	 -0.077353
60	2	 -0.043416
61	2	 -0.036699
62	2	 -0.132283
63	2	  0.001942
64	2	 -0.018846
65	2	 -0.173614
66	2	  0.083484
67	2	  0.013008
68	2	 -0.200651
69	2	  0.163444
70	2	  0.071386
71	2	 -0.196259
72	2	  0.234309


3th Eigenvalue:  0.0000000000
1	3	 -0.235634
2	3	  0.140547
3	3	 -0.046997
4	3	 -0.165600
5	3	  0.090692
6	3	 -0.002518
7	3	 -0.099054
8	3	  0.025695
9	3	  0.009396
10	3	 -0.045586
11	3	 -0.039993
12	3	 -0.004213
13	3	 -0.017594
14	3	 -0.095621
15	3	 -0.047911
16	3	 -0.015642
17	3	 -0.126849
18	3	 -0.098050
19	3	 -0.038907
20	3	 -0.119411
21	3	 -0.128537
22	3	 -0.073961
23	3	 -0.076854
24	3	 -0.120488
25	3	 -0.098571
26	3	 -0.024114
27	3	 -0.075470
28	3	 -0.087821
29	3	  0.017933
30	3	  0.016934
31	3	 -0.063747
32	3	  0.044443
33	3	  0.107381
34	3	 -0.009530
35	3	  0.030480
36	3	  0.184229
37	3	  0.074307
38	3	 -0.175656
39	3	 -0.014708
40	3	  0.049813
41	3	 -0.112725
42	3	  0.048073
43	3	  0.012073
44	3	 -0.047725
45	3	  0.089769
46	3	 -0.048749
47	3	  0.020154
48	3	  0.093468
49	3	 -0.124359
50	3	  0.073130
51	3	  0.043986
52	3	 -0.185274
53	3	  0.105531
54	3	 -0.013577
55	3	 -0.224013
56	3	  0.095174
57	3	 -0.103499
58	3	 -0.230569
59	3	  0.051122
60	3	 -0.191554
61	3	 -0.216814
62	3	 -0.001391
63	3	 -0.256379
64	3	 -0.192129
65	3	 -0.038106
66	3	 -0.273663
67	3	 -0.163527
68	3	 -0.061316
69	3	 -0.260403
70	3	 -0.145744
71	3	 -0.052091
72	3	 -0.211427


4th Eigenvalue: -0.0000000000
1	4	 -0.018522
2	4	  0.219713
3	4	  0.078515
4	4	 -0.072842
5	4	  0.193917
6	4	  0.115171
7	4	 -0.119324
8	4	  0.167283
9	4	  0.142082
10	4	 -0.150263
11	4	  0.134237
12	4	  0.145022
13	4	 -0.155729
14	4	  0.096060
15	4	  0.113931
16	4	 -0.143367
17	4	  0.070844
18	4	  0.075203
19	4	 -0.115299
20	4	  0.048634
21	4	  0.021523
22	4	 -0.084404
23	4	  0.028077
24	4	 -0.033760
25	4	 -0.067254
26	4	  0.007861
27	4	 -0.073055
28	4	 -0.082338
29	4	 -0.021251
30	4	 -0.084329
31	4	 -0.109471
32	4	 -0.041989
33	4	 -0.073694
34	4	 -0.157193
35	4	 -0.065053
36	4	 -0.041883
37	4	 -0.204666
38	4	 -0.012441
39	4	  0.063616
40	4	 -0.202007
41	4	  0.014515
42	4	  0.086935
43	4	 -0.186197
44	4	  0.042507
45	4	  0.096289
46	4	 -0.148116
47	4	  0.075671
48	4	  0.085331
49	4	 -0.091966
50	4	  0.114471
51	4	  0.059300
52	4	 -0.042140
53	4	  0.138058
54	4	  0.025602
55	4	 -0.003699
56	4	  0.158450
57	4	  0.001750
58	4	  0.009597
59	4	  0.179083
60	4	  0.006773
61	4	  0.003676
62	4	  0.199869
63	4	  0.033834
64	4	 -0.019925
65	4	  0.228888
66	4	  0.089081
67	4	 -0.049648
68	4	  0.251732
69	4	  0.145266
70	4	 -0.076338
71	4	  0.274105
72	4	  0.197535


5th Eigenvalue: -0.0000000000
1	5	 -0.047851
2	5	  0.004954
3	5	  0.182901
4	5	 -0.006574
5	5	 -0.004297
6	5	  0.186895
7	5	  0.029043
8	5	 -0.019027
9	5	  0.183461
10	5	  0.053159
11	5	 -0.031577
12	5	  0.178509
13	5	  0.058245
14	5	 -0.038319
15	5	  0.173288
16	5	  0.049648
17	5	 -0.040661
18	5	  0.168103
19	5	  0.028895
20	5	 -0.029347
21	5	  0.172889
22	5	  0.005632
23	5	 -0.005218
24	5	  0.189927
25	5	 -0.007512
26	5	  0.022679
27	5	  0.214099
28	5	  0.003563
29	5	  0.049874
30	5	  0.245434
31	5	  0.023695
32	5	  0.067928
33	5	  0.270394
34	5	  0.059633
35	5	  0.071375
36	5	  0.285601
37	5	  0.096715
38	5	 -0.027596
39	5	  0.196738
40	5	  0.093756
41	5	 -0.013780
42	5	  0.209864
43	5	  0.080969
44	5	  0.000433
45	5	  0.220198
46	5	  0.051510
47	5	  0.013776
48	5	  0.224221
49	5	  0.008698
50	5	  0.019265
51	5	  0.215891
52	5	 -0.029016
53	5	  0.022678
54	5	  0.207102
55	5	 -0.057745
56	5	  0.010939
57	5	  0.185785
58	5	 -0.067377
59	5	 -0.013791
60	5	  0.157433
61	5	 -0.062605
62	5	 -0.041819
63	5	  0.130404
64	5	 -0.044927
65	5	 -0.066937
66	5	  0.110541
67	5	 -0.022773
68	5	 -0.084531
69	5	  0.099806
70	5	 -0.003233
71	5	 -0.089529
72	5	  0.101067


6th Eigenvalue: -0.0000000000
1	6	 -0.153903
2	6	 -0.247390
3	6	 -0.005798
4	6	 -0.173665
5	6	 -0.193392
6	6	 -0.062424
7	6	 -0.184069
8	6	 -0.124544
9	6	 -0.092991
10	6	 -0.181973
11	6	 -0.053605
12	6	 -0.088418
13	6	 -0.163369
14	6	  0.008730
15	6	 -0.037221
16	6	 -0.141280
17	6	  0.044563
18	6	  0.024274
19	6	 -0.118363
20	6	  0.042286
21	6	  0.088813
22	6	 -0.102427
23	6	  0.005634
24	6	  0.134350
25	6	 -0.098644
26	6	 -0.040953
27	6	  0.145865
28	6	 -0.112683
29	6	 -0.075213
30	6	  0.106994
31	6	 -0.133280
32	6	 -0.096285
33	6	  0.049421
34	6	 -0.157828
35	6	 -0.077648
36	6	 -0.020015
37	6	 -0.152847
38	6	  0.110297
39	6	 -0.009507
40	6	 -0.172593
41	6	  0.043378
42	6	 -0.063828
43	6	 -0.183906
44	6	 -0.025773
45	6	 -0.094379
46	6	 -0.181581
47	6	 -0.098860
48	6	 -0.086469
49	6	 -0.164317
50	6	 -0.158765
51	6	 -0.036762
52	6	 -0.142919
53	6	 -0.195372
54	6	  0.024141
55	6	 -0.118294
56	6	 -0.189866
57	6	  0.093343
58	6	 -0.103049
59	6	 -0.151784
60	6	  0.135539
61	6	 -0.099183
62	6	 -0.105542
63	6	  0.145555
64	6	 -0.113417
65	6	 -0.076425
66	6	  0.104951
67	6	 -0.133787
68	6	 -0.059016
69	6	  0.047296
70	6	 -0.159845
71	6	 -0.072911
72	6	 -0.025781


7th Eigenvalue: 18.2481605637
1	7	  0.011599
2	7	  0.177309
3	7	  0.028420
4	7	  0.048266
5	7	  0.104136
6	7	  0.102534
7	7	  0.075726
8	7	  0.016632
9	7	  0.135229
10	7	  0.093632
11	7	 -0.066907
12	7	  0.123762
13	7	  0.099483
14	7	 -0.132237
15	7	  0.066640
16	7	  0.095941
17	7	 -0.162435
18	7	  0.008831
19	7	  0.086771
20	7	 -0.160782
21	7	 -0.040795
22	7	  0.072266
23	7	 -0.123301
24	7	 -0.077048
25	7	  0.068790
26	7	 -0.081874
27	7	 -0.081901
28	7	  0.068186
29	7	 -0.072721
30	7	 -0.053267
31	7	  0.041107
32	7	 -0.089049
33	7	 -0.015585
34	7	 -0.010725
35	7	 -0.114650
36	7	  0.018479
37	7	 -0.125709
38	7	  0.565068
39	7	  0.173449
40	7	 -0.158419
41	7	  0.377501
42	7	  0.016154
43	7	 -0.161975
44	7	  0.203131
45	7	 -0.067000
46	7	 -0.130383
47	7	  0.059916
48	7	 -0.058155
49	7	 -0.089338
50	7	 -0.014063
51	7	  0.000951
52	7	 -0.039452
53	7	 -0.034976
54	7	  0.032900
55	7	 -0.031300
56	7	 -0.029087
57	7	  0.007014
58	7	 -0.032185
59	7	 -0.043554
60	7	 -0.035827
61	7	 -0.026342
62	7	 -0.067019
63	7	 -0.070198
64	7	 -0.012122
65	7	 -0.089003
66	7	 -0.082309
67	7	  0.013492
68	7	 -0.110235
69	7	 -0.078124
70	7	  0.042691
71	7	 -0.111800
72	7	 -0.054155


8th Eigenvalue: 25.3157783696
1	8	  0.149160
2	8	  0.528834
3	8	 -0.274208
4	8	  0.166338
5	8	  0.377796
6	8	 -0.112357
7	8	  0.142095
8	8	  0.208733
9	8	 -0.022326
10	8	  0.097301
11	8	  0.085067
12	8	 -0.019202
13	8	  0.048688
14	8	  0.037059
15	8	 -0.050933
16	8	  0.011389
17	8	  0.044542
18	8	 -0.029916
19	8	 -0.002244
20	8	  0.053927
21	8	  0.020215
22	8	 -0.007263
23	8	  0.035181
24	8	  0.087595
25	8	 -0.020043
26	8	 -0.008123
27	8	  0.141659
28	8	 -0.050289
29	8	 -0.053422
30	8	  0.163606
31	8	 -0.093218
32	8	 -0.088443
33	8	  0.158115
34	8	 -0.122739
35	8	 -0.085064
36	8	  0.128662
37	8	 -0.045934
38	8	 -0.123816
39	8	 -0.118989
40	8	 -0.029989
41	8	 -0.103678
42	8	 -0.106360
43	8	 -0.020420
44	8	 -0.088694
45	8	 -0.100592
46	8	 -0.017714
47	8	 -0.087002
48	8	 -0.097602
49	8	 -0.015738
50	8	 -0.101980
51	8	 -0.077077
52	8	 -0.021720
53	8	 -0.120831
54	8	 -0.029612
55	8	 -0.027986
56	8	 -0.121247
57	8	  0.037396
58	8	 -0.037382
59	8	 -0.104758
60	8	  0.083097
61	8	 -0.042800
62	8	 -0.067829
63	8	  0.102980
64	8	 -0.047345
65	8	 -0.055517
66	8	  0.078933
67	8	 -0.030014
68	8	 -0.067095
69	8	  0.041130
70	8	  0.017865
71	8	 -0.093639
72	8	 -0.004215


9th Eigenvalue: 33.0917238342
1	9	 -0.095292
2	9	  0.164393
3	9	 -0.012530
4	9	 -0.113287
5	9	  0.091606
6	9	  0.067790
7	9	 -0.132243
8	9	  0.012742
9	9	  0.111275
10	9	 -0.142495
11	9	 -0.060587
12	9	  0.107116
13	9	 -0.132180
14	9	 -0.119262
15	9	  0.058557
16	9	 -0.105378
17	9	 -0.136409
18	9	  0.033107
19	9	 -0.081996
20	9	 -0.152129
21	9	 -0.013405
22	9	 -0.079550
23	9	 -0.131690
24	9	 -0.076738
25	9	 -0.075627
26	9	 -0.050973
27	9	 -0.117248
28	9	 -0.014968
29	9	  0.063061
30	9	 -0.075257
31	9	  0.091687
32	9	  0.155595
33	9	  0.004229
34	9	  0.219693
35	9	  0.150317
36	9	  0.113099
37	9	  0.385313
38	9	  0.157874
39	9	 -0.136932
40	9	  0.247229
41	9	  0.079747
42	9	 -0.164720
43	9	  0.129535
44	9	  0.001751
45	9	 -0.166314
46	9	  0.040143
47	9	 -0.075887
48	9	 -0.134471
49	9	 -0.001242
50	9	 -0.141685
51	9	 -0.075032
52	9	 -0.006550
53	9	 -0.156973
54	9	 -0.040316
55	9	  0.022082
56	9	 -0.145668
57	9	 -0.006189
58	9	  0.048570
59	9	 -0.094692
60	9	  0.036637
61	9	  0.049272
62	9	 -0.008391
63	9	  0.081409
64	9	 -0.005708
65	9	  0.079357
66	9	  0.116513
67	9	 -0.083337
68	9	  0.145546
69	9	  0.138966
70	9	 -0.163672
71	9	  0.172357
72	9	  0.150454


10th Eigenvalue: 40.9381435538
1	10	 -0.132643
2	10	  0.184354
3	10	 -0.048346
4	10	 -0.073399
5	10	  0.129458
6	10	  0.001718
7	10	 -0.032247
8	10	  0.073423
9	10	  0.017909
10	10	 -0.002709
11	10	  0.041423
12	10	  0.013276
13	10	  0.019003
14	10	  0.040928
15	10	  0.018153
16	10	  0.034320
17	10	  0.059922
18	10	  0.059403
19	10	  0.047603
20	10	  0.056515
21	10	  0.105756
22	10	  0.079140
23	10	  0.020930
24	10	  0.108058
25	10	  0.119100
26	10	 -0.027917
27	10	  0.038293
28	10	  0.149081
29	10	 -0.049481
30	10	 -0.158354
31	10	  0.200279
32	10	 -0.035047
33	10	 -0.367410
34	10	  0.221100
35	10	  0.037331
36	10	 -0.571554
37	10	  0.065946
38	10	 -0.066984
39	10	  0.059556
40	10	  0.065693
41	10	 -0.041667
42	10	  0.084004
43	10	  0.047056
44	10	 -0.022808
45	10	  0.097442
46	10	  0.003245
47	10	 -0.018681
48	10	  0.103075
49	10	 -0.051723
50	10	 -0.035103
51	10	  0.106177
52	10	 -0.097573
53	10	 -0.054968
54	10	  0.123113
55	10	 -0.111895
56	10	 -0.061335
57	10	  0.147097
58	10	 -0.113743
59	10	 -0.055186
60	10	  0.135399
61	10	 -0.107256
62	10	 -0.041993
63	10	  0.098006
64	10	 -0.108570
65	10	 -0.036109
66	10	  0.020091
67	10	 -0.106943
68	10	 -0.038542
69	10	 -0.059014
70	10	 -0.112866
71	10	 -0.058461
72	10	 -0.131847


11th Eigenvalue: 64.5958536714
1	11	  0.049704
2	11	  0.101073
3	11	 -0.384526
4	11	  0.004806
5	11	  0.015713
6	11	 -0.276509
7	11	 -0.051099
8	11	 -0.061344
9	11	 -0.203402
10	11	 -0.087510
11	11	 -0.085959
12	11	 -0.171094
13	11	 -0.084353
14	11	 -0.061252
15	11	 -0.115985
16	11	 -0.069372
17	11	 -0.044910
18	11	 -0.048112
19	11	 -0.063275
20	11	 -0.049528
21	11	  0.003501
22	11	 -0.070378
23	11	 -0.055804
24	11	  0.030771
25	11	 -0.077868
26	11	 -0.032803
27	11	  0.035105
28	11	 -0.048009
29	11	  0.024940
30	11	  0.031043
31	11	  0.008407
32	11	  0.073961
33	11	  0.021220
34	11	  0.079186
35	11	  0.100454
36	11	  0.002685
37	11	 -0.131022
38	11	  0.192839
39	11	  0.470685
40	11	 -0.022236
41	11	  0.041055
42	11	  0.297624
43	11	  0.079636
44	11	 -0.068775
45	11	  0.196663
46	11	  0.148060
47	11	 -0.102362
48	11	  0.156277
49	11	  0.128181
50	11	 -0.068693
51	11	  0.089088
52	11	  0.089983
53	11	 -0.031322
54	11	 -0.016030
55	11	  0.069222
56	11	 -0.046302
57	11	 -0.075092
58	11	  0.072966
59	11	 -0.049059
60	11	 -0.075857
61	11	  0.071492
62	11	 -0.024681
63	11	 -0.052573
64	11	  0.036288
65	11	  0.029569
66	11	 -0.012044
67	11	 -0.027774
68	11	  0.084134
69	11	  0.027764
70	11	 -0.105033
71	11	  0.119056
72	11	  0.068798


12th Eigenvalue: 93.3945029364
1	12	  0.151614
2	12	 -0.094173
3	12	 -0.120823
4	12	  0.061580
5	12	 -0.051668
6	12	 -0.147792
7	12	  0.004768
8	12	 -0.004792
9	12	 -0.146231
10	12	 -0.016520
11	12	  0.035004
12	12	 -0.126721
13	12	 -0.003123
14	12	  0.057170
15	12	 -0.086272
16	12	  0.003724
17	12	  0.037246
18	12	 -0.084031
19	12	  0.024639
20	12	  0.032194
21	12	 -0.075461
22	12	  0.081813
23	12	 -0.019475
24	12	 -0.029081
25	12	  0.114006
26	12	 -0.091592
27	12	  0.005223
28	12	  0.115738
29	12	 -0.141644
30	12	  0.025502
31	12	  0.119946
32	12	 -0.163604
33	12	  0.033904
34	12	  0.141053
35	12	 -0.168147
36	12	  0.036181
37	12	  0.201129
38	12	  0.057924
39	12	 -0.050465
40	12	  0.096753
41	12	  0.062744
42	12	 -0.015331
43	12	  0.007782
44	12	  0.074110
45	12	  0.017244
46	12	 -0.063553
47	12	  0.096012
48	12	  0.030179
49	12	 -0.105591
50	12	  0.113928
51	12	  0.012791
52	12	 -0.127119
53	12	  0.125528
54	12	 -0.012673
55	12	 -0.137025
56	12	  0.131283
57	12	 -0.043809
58	12	 -0.157801
59	12	  0.121133
60	12	 -0.068711
61	12	 -0.185686
62	12	  0.046366
63	12	 -0.066890
64	12	 -0.162503
65	12	 -0.059208
66	12	  0.089298
67	12	 -0.121870
68	12	 -0.116885
69	12	  0.287853
70	12	 -0.043755
71	12	 -0.079453
72	12	  0.536116


13th Eigenvalue:108.4424637664
1	13	  0.438972
2	13	 -0.018363
3	13	 -0.048400
4	13	  0.156019
5	13	 -0.003763
6	13	 -0.016211
7	13	 -0.081181
8	13	  0.022860
9	13	  0.036078
10	13	 -0.235561
11	13	  0.050718
12	13	  0.059059
13	13	 -0.268824
14	13	  0.083386
15	13	  0.074677
16	13	 -0.250786
17	13	  0.095779
18	13	  0.074836
19	13	 -0.175121
20	13	  0.061216
21	13	  0.083104
22	13	 -0.105542
23	13	 -0.025254
24	13	  0.065876
25	13	 -0.072362
26	13	 -0.078560
27	13	  0.021950
28	13	 -0.044786
29	13	 -0.064236
30	13	 -0.008027
31	13	  0.033270
32	13	 -0.014896
33	13	 -0.016192
34	13	  0.134207
35	13	 -0.000803
36	13	  0.006887
37	13	  0.283203
38	13	  0.075371
39	13	  0.025207
40	13	  0.084903
41	13	  0.021292
42	13	  0.033751
43	13	 -0.066335
44	13	 -0.019995
45	13	  0.052884
46	13	 -0.151692
47	13	 -0.038568
48	13	  0.066652
49	13	 -0.153010
50	13	 -0.031748
51	13	  0.054847
52	13	 -0.111471
53	13	 -0.024831
54	13	  0.039319
55	13	 -0.032506
56	13	  0.015568
57	13	  0.014997
58	13	  0.000336
59	13	  0.048679
60	13	 -0.031991
61	13	  0.022349
62	13	  0.045314
63	13	 -0.080480
64	13	  0.071369
65	13	  0.004451
66	13	 -0.133909
67	13	  0.186885
68	13	 -0.078137
69	13	 -0.172238
70	13	  0.337664
71	13	 -0.125478
72	13	 -0.202674


14th Eigenvalue:169.3128774064
1	14	 -0.120984
2	14	 -0.025524
3	14	  0.303899
4	14	 -0.061306
5	14	  0.085421
6	14	  0.152895
7	14	 -0.015141
8	14	  0.177456
9	14	  0.058223
10	14	 -0.023851
11	14	  0.194476
12	14	  0.019987
13	14	 -0.098898
14	14	  0.155661
15	14	 -0.043645
16	14	 -0.153917
17	14	  0.148948
18	14	 -0.059799
19	14	 -0.150376
20	14	  0.140739
21	14	 -0.058367
22	14	 -0.079608
23	14	  0.053437
24	14	 -0.016756
25	14	 -0.033349
26	14	 -0.079910
27	14	  0.006051
28	14	 -0.037957
29	14	 -0.173725
30	14	  0.008886
31	14	 -0.024604
32	14	 -0.212194
33	14	  0.005791
34	14	  0.021185
35	14	 -0.223833
36	14	  0.018162
37	14	 -0.028066
38	14	  0.191644
39	14	  0.237955
40	14	  0.139574
41	14	  0.013199
42	14	  0.029413
43	14	  0.277282
44	14	 -0.092999
45	14	 -0.065641
46	14	  0.326532
47	14	 -0.095629
48	14	 -0.082131
49	14	  0.228931
50	14	 -0.038046
51	14	 -0.117264
52	14	  0.102230
53	14	  0.025571
54	14	 -0.165649
55	14	  0.030387
56	14	  0.027405
57	14	 -0.111916
58	14	 -0.033417
59	14	  0.017657
60	14	 -0.046685
61	14	 -0.087559
62	14	 -0.008475
63	14	  0.001542
64	14	 -0.092442
65	14	 -0.050914
66	14	  0.008603
67	14	 -0.068451
68	14	 -0.094569
69	14	 -0.011529
70	14	 -0.016194
71	14	 -0.135795
72	14	 -0.072026


15th Eigenvalue:194.6232955345
1	15	 -0.127264
2	15	  0.131541
3	15	 -0.272676
4	15	 -0.080477
5	15	 -0.036625
6	15	 -0.082951
7	15	 -0.096021
8	15	 -0.167658
9	15	  0.016924
10	15	 -0.112422
11	15	 -0.182348
12	15	  0.050864
13	15	 -0.112305
14	15	 -0.110832
15	15	  0.111477
16	15	 -0.107634
17	15	 -0.058736
18	15	  0.145480
19	15	 -0.113205
20	15	 -0.023515
21	15	  0.144017
22	15	 -0.068683
23	15	 -0.044713
24	15	  0.160671
25	15	 -0.023661
26	15	 -0.078901
27	15	  0.148833
28	15	 -0.004512
29	15	 -0.123837
30	15	  0.083508
31	15	 -0.014364
32	15	 -0.172955
33	15	  0.007216
34	15	 -0.053875
35	15	 -0.172345
36	15	 -0.069913
37	15	 -0.023714
38	15	 -0.029373
39	15	 -0.266890
40	15	  0.060975
41	15	  0.132040
42	15	 -0.124114
43	15	  0.119059
44	15	  0.233985
45	15	 -0.042744
46	15	  0.158008
47	15	  0.251609
48	15	 -0.003770
49	15	  0.185294
50	15	  0.217668
51	15	  0.056737
52	15	  0.193537
53	15	  0.205700
54	15	  0.071476
55	15	  0.122256
56	15	  0.164784
57	15	  0.021808
58	15	  0.073392
59	15	  0.081972
60	15	  0.005678
61	15	  0.045860
62	15	 -0.029298
63	15	  0.008673
64	15	  0.050169
65	15	 -0.069259
66	15	 -0.010241
67	15	  0.011287
68	15	 -0.059447
69	15	 -0.045750
70	15	 -0.081700
71	15	 -0.059458
72	15	 -0.114312


16th Eigenvalue:248.8361642933
1	16	 -0.185542
2	16	  0.139723
3	16	 -0.088616
4	16	 -0.228758
5	16	  0.060655
6	16	 -0.006435
7	16	 -0.269954
8	16	  0.037869
9	16	  0.004509
10	16	 -0.246168
11	16	  0.067669
12	16	 -0.003745
13	16	 -0.133280
14	16	  0.108488
15	16	  0.015102
16	16	 -0.010372
17	16	  0.112497
18	16	  0.012243
19	16	  0.088588
20	16	  0.087007
21	16	 -0.049191
22	16	  0.140402
23	16	  0.103248
24	16	 -0.157507
25	16	  0.165010
26	16	  0.123713
27	16	 -0.211464
28	16	  0.144929
29	16	  0.118916
30	16	 -0.134592
31	16	  0.084918
32	16	  0.097018
33	16	  0.006534
34	16	  0.002654
35	16	  0.013087
36	16	  0.217783
37	16	 -0.034931
38	16	 -0.078750
39	16	  0.032552
40	16	 -0.070811
41	16	 -0.038586
42	16	  0.062788
43	16	 -0.091836
44	16	 -0.006527
45	16	  0.058593
46	16	 -0.078181
47	16	  0.011923
48	16	  0.026312
49	16	 -0.016153
50	16	  0.016480
51	16	 -0.010418
52	16	  0.047368
53	16	 -0.008549
54	16	 -0.026166
55	16	  0.140726
56	16	 -0.006411
57	16	  0.006505
58	16	  0.176795
59	16	  0.013172
60	16	  0.027162
61	16	  0.138926
62	16	 -0.101201
63	16	  0.018566
64	16	  0.133242
65	16	 -0.235577
66	16	  0.049366
67	16	  0.096661
68	16	 -0.306298
69	16	  0.077961
70	16	  0.005767
71	16	 -0.329567
72	16	  0.072158


17th Eigenvalue:263.0052963786
1	17	 -0.125058
2	17	  0.070984
3	17	  0.174476
4	17	 -0.049234
5	17	  0.074900
6	17	  0.123588
7	17	 -0.000877
8	17	  0.054450
9	17	  0.068344
10	17	 -0.001045
11	17	  0.004992
12	17	  0.012065
13	17	 -0.045524
14	17	 -0.028543
15	17	 -0.066450
16	17	 -0.073460
17	17	  0.017147
18	17	 -0.049317
19	17	 -0.023560
20	17	  0.053978
21	17	  0.081842
22	17	  0.013311
23	17	 -0.010527
24	17	  0.255100
25	17	  0.002064
26	17	 -0.027310
27	17	  0.331159
28	17	  0.021400
29	17	  0.016466
30	17	  0.240599
31	17	  0.068490
32	17	  0.072105
33	17	  0.058572
34	17	  0.106829
35	17	  0.204186
36	17	 -0.255613
37	17	 -0.013922
38	17	  0.001555
39	17	 -0.064833
40	17	 -0.098128
41	17	 -0.016156
42	17	 -0.049249
43	17	 -0.141649
44	17	 -0.049410
45	17	 -0.045967
46	17	 -0.112081
47	17	 -0.080380
48	17	 -0.035202
49	17	 -0.017346
50	17	 -0.066482
51	17	 -0.018959
52	17	  0.090488
53	17	 -0.021529
54	17	 -0.039923
55	17	  0.116571
56	17	  0.022848
57	17	 -0.172494
58	17	  0.110453
59	17	 -0.025202
60	17	 -0.296109
61	17	  0.102473
62	17	 -0.086284
63	17	 -0.347346
64	17	  0.081009
65	17	 -0.104630
66	17	 -0.210872
67	17	  0.025866
68	17	 -0.084939
69	17	 -0.001333
70	17	 -0.037070
71	17	  0.007779
72	17	  0.307923


18th Eigenvalue:337.7027504864
1	18	  0.241449
2	18	 -0.040028
3	18	  0.026051
4	18	  0.047977
5	18	 -0.010934
6	18	  0.028885
7	18	 -0.077910
8	18	 -0.004397
9	18	  0.059240
10	18	 -0.141791
11	18	 -0.023424
12	18	  0.058743
13	18	 -0.131922
14	18	 -0.050891
15	18	  0.017007
16	18	 -0.094889
17	18	 -0.042809
18	18	 -0.001930
19	18	 -0.030065
20	18	 -0.040613
21	18	 -0.017126
22	18	  0.089130
23	18	 -0.087271
24	18	  0.015247
25	18	  0.162396
26	18	 -0.065478
27	18	  0.027668
28	18	  0.247879
29	18	  0.033798
30	18	  0.076342
31	18	  0.318356
32	18	  0.107273
33	18	  0.124555
34	18	  0.350182
35	18	  0.130892
36	18	  0.131386
37	18	 -0.499180
38	18	 -0.144312
39	18	 -0.061829
40	18	 -0.186133
41	18	 -0.016093
42	18	 -0.049317
43	18	  0.024937
44	18	  0.038428
45	18	 -0.097358
46	18	  0.119894
47	18	  0.024775
48	18	 -0.116087
49	18	  0.087510
50	18	 -0.016898
51	18	 -0.073272
52	18	  0.016935
53	18	 -0.005232
54	18	 -0.071979
55	18	 -0.048662
56	18	 -0.008833
57	18	 -0.029933
58	18	 -0.102131
59	18	  0.025406
60	18	  0.018664
61	18	 -0.143932
62	18	  0.063045
63	18	  0.049732
64	18	 -0.154495
65	18	  0.076234
66	18	  0.021027
67	18	 -0.103829
68	18	  0.049877
69	18	 -0.030466
70	18	  0.008294
71	18	  0.007487
72	18	 -0.105249


19th Eigenvalue:397.6968613354
1	19	  0.379256
2	19	 -0.043238
3	19	 -0.022460
4	19	  0.119864
5	19	 -0.038448
6	19	  0.034419
7	19	 -0.051255
8	19	 -0.051518
9	19	  0.114921
10	19	 -0.126002
11	19	 -0.043106
12	19	  0.130791
13	19	 -0.081416
14	19	 -0.008579
15	19	  0.118664
16	19	 -0.006991
17	19	  0.038668
18	19	  0.105713
19	19	  0.096612
20	19	  0.083830
21	19	  0.084342
22	19	  0.148252
23	19	  0.167151
24	19	  0.003155
25	19	  0.176176
26	19	  0.214954
27	19	 -0.049900
28	19	  0.113299
29	19	  0.144843
30	19	 -0.070418
31	19	 -0.083313
32	19	  0.011214
33	19	 -0.058121
34	19	 -0.372240
35	19	 -0.078891
36	19	  0.000743
37	19	  0.039106
38	19	  0.041797
39	19	 -0.016292
40	19	  0.078851
41	19	  0.015061
42	19	 -0.030419
43	19	  0.103252
44	19	 -0.019306
45	19	 -0.016876
46	19	  0.099473
47	19	 -0.071535
48	19	  0.021630
49	19	  0.064706
50	19	 -0.103936
51	19	  0.073137
52	19	  0.048053
53	19	 -0.078362
54	19	  0.065146
55	19	  0.051216
56	19	 -0.051421
57	19	  0.012859
58	19	  0.002857
59	19	 -0.062328
60	19	 -0.099533
61	19	 -0.057919
62	19	 -0.092868
63	19	 -0.189793
64	19	 -0.145796
65	19	 -0.060561
66	19	 -0.180536
67	19	 -0.253668
68	19	  0.002902
69	19	 -0.111054
70	19	 -0.342376
71	19	  0.083678
72	19	  0.079881


20th Eigenvalue:433.9975682944
1	20	  0.118133
2	20	 -0.122247
3	20	  0.100238
4	20	  0.145349
5	20	  0.028148
6	20	 -0.043979
7	20	  0.173905
8	20	  0.140206
9	20	 -0.071818
10	20	  0.139122
11	20	  0.172425
12	20	 -0.027545
13	20	  0.034038
14	20	  0.139542
15	20	  0.017963
16	20	 -0.057399
17	20	  0.064377
18	20	  0.029815
19	20	 -0.108359
20	20	  0.006296
21	20	  0.008067
22	20	 -0.123222
23	20	 -0.052763
24	20	 -0.039363
25	20	 -0.113127
26	20	 -0.107213
27	20	 -0.080762
28	20	 -0.068387
29	20	 -0.087960
30	20	 -0.059588
31	20	  0.068700
32	20	 -0.014555
33	20	  0.005080
34	20	  0.278449
35	20	 -0.019995
36	20	  0.144327
37	20	  0.062503
38	20	 -0.084820
39	20	 -0.063513
40	20	 -0.077683
41	20	  0.036801
42	20	  0.067359
43	20	 -0.169770
44	20	  0.114594
45	20	  0.103255
46	20	 -0.159097
47	20	  0.136944
48	20	  0.060313
49	20	 -0.024858
50	20	  0.111754
51	20	  0.006971
52	20	  0.100004
53	20	  0.026058
54	20	  0.002796
55	20	  0.163271
56	20	 -0.030529
57	20	  0.006194
58	20	  0.161765
59	20	 -0.120054
60	20	  0.015792
61	20	  0.127290
62	20	 -0.197118
63	20	  0.026954
64	20	  0.029882
65	20	 -0.150904
66	20	 -0.004693
67	20	 -0.190838
68	20	 -0.024449
69	20	 -0.062049
70	20	 -0.509671
71	20	  0.035463
72	20	 -0.141810


21th Eigenvalue:519.1337210280
1	21	  0.122422
2	21	 -0.054986
3	21	  0.227197
4	21	 -0.080500
5	21	  0.142258
6	21	 -0.006617
7	21	 -0.136992
8	21	  0.240568
9	21	 -0.120552
10	21	 -0.134484
11	21	  0.162430
12	21	 -0.158174
13	21	 -0.063561
14	21	  0.007171
15	21	 -0.198677
16	21	  0.023087
17	21	 -0.069800
18	21	 -0.107730
19	21	  0.057383
20	21	 -0.149841
21	21	 -0.036396
22	21	  0.017927
23	21	 -0.159113
24	21	 -0.017112
25	21	 -0.027587
26	21	 -0.078571
27	21	 -0.008429
28	21	 -0.030867
29	21	  0.004096
30	21	  0.005681
31	21	 -0.076756
32	21	  0.010989
33	21	  0.001261
34	21	 -0.162878
35	21	  0.019794
36	21	 -0.048907
37	21	 -0.146204
38	21	 -0.113486
39	21	 -0.223981
40	21	  0.079327
41	21	  0.198917
42	21	  0.033606
43	21	  0.179207
44	21	  0.303315
45	21	  0.133215
46	21	  0.157843
47	21	  0.175281
48	21	  0.168987
49	21	  0.034260
50	21	 -0.028581
51	21	  0.212717
52	21	 -0.071431
53	21	 -0.112876
54	21	  0.099477
55	21	 -0.082677
56	21	 -0.216279
57	21	  0.023769
58	21	 -0.000131
59	21	 -0.206014
60	21	 -0.004576
61	21	  0.066306
62	21	 -0.108153
63	21	 -0.031534
64	21	  0.064505
65	21	 -0.017936
66	21	 -0.034301
67	21	  0.080585
68	21	  0.012342
69	21	 -0.003004
70	21	  0.131216
71	21	  0.038474
72	21	  0.094081


22th Eigenvalue:671.0675666717
1	22	  0.077319
2	22	 -0.123421
3	22	 -0.002294
4	22	 -0.070988
5	22	  0.051959
6	22	 -0.125602
7	22	 -0.092478
8	22	  0.191951
9	22	 -0.131153
10	22	 -0.045516
11	22	  0.209448
12	22	 -0.043800
13	22	  0.054347
14	22	  0.101248
15	22	  0.055086
16	22	  0.144498
17	22	 -0.051289
18	22	  0.122382
19	22	  0.140575
20	22	 -0.219020
21	22	  0.105957
22	22	  0.071229
23	22	 -0.317952
24	22	  0.055370
25	22	 -0.040550
26	22	 -0.224729
27	22	 -0.009594
28	22	 -0.085181
29	22	 -0.032620
30	22	 -0.012981
31	22	 -0.094894
32	22	  0.122328
33	22	 -0.004622
34	22	 -0.121953
35	22	  0.198372
36	22	 -0.035436
37	22	  0.021597
38	22	  0.123976
39	22	 -0.048798
40	22	 -0.039831
41	22	 -0.048235
42	22	 -0.129919
43	22	 -0.040506
44	22	 -0.161667
45	22	 -0.107413
46	22	  0.016696
47	22	 -0.175776
48	22	 -0.012544
49	22	  0.088151
50	22	 -0.083686
51	22	  0.086546
52	22	  0.163224
53	22	  0.043856
54	22	  0.141680
55	22	  0.143726
56	22	  0.184819
57	22	  0.100928
58	22	  0.063303
59	22	  0.278521
60	22	  0.055570
61	22	 -0.058804
62	22	  0.203120
63	22	  0.001001
64	22	 -0.114714
65	22	  0.043908
66	22	 -0.009569
67	22	 -0.105771
68	22	 -0.114822
69	22	 -0.011397
70	22	 -0.073479
71	22	 -0.200289
72	22	 -0.039397


23th Eigenvalue:720.1790994213
1	23	 -0.220547
2	23	 -0.018099
3	23	 -0.161335
4	23	 -0.014379
5	23	 -0.069331
6	23	 -0.077104
7	23	  0.079844
8	23	 -0.016870
9	23	 -0.034733
10	23	  0.117050
11	23	  0.103658
12	23	  0.048891
13	23	  0.079700
14	23	  0.189877
15	23	  0.181831
16	23	  0.019603
17	23	  0.135860
18	23	  0.189698
19	23	 -0.021139
20	23	  0.082979
21	23	  0.154007
22	23	 -0.102407
23	23	  0.096790
24	23	 -0.013672
25	23	 -0.114658
26	23	  0.031367
27	23	 -0.141083
28	23	 -0.105359
29	23	 -0.040120
30	23	 -0.168385
31	23	  0.021882
32	23	 -0.026815
33	23	 -0.085536
34	23	  0.265749
35	23	 -0.107415
36	23	  0.221088
37	23	 -0.208699
38	23	  0.018352
39	23	 -0.178523
40	23	 -0.048398
41	23	  0.075268
42	23	 -0.100984
43	23	  0.051291
44	23	  0.006534
45	23	 -0.050133
46	23	  0.091855
47	23	 -0.138041
48	23	  0.059540
49	23	  0.041522
50	23	 -0.210481
51	23	  0.201238
52	23	  0.014055
53	23	 -0.120209
54	23	  0.187923
55	23	 -0.003844
56	23	 -0.038607
57	23	  0.098905
58	23	 -0.057724
59	23	 -0.058517
60	23	 -0.074024
61	23	 -0.061123
62	23	 -0.031492
63	23	 -0.201926
64	23	 -0.051239
65	23	  0.020336
66	23	 -0.195031
67	23	  0.026045
68	23	  0.026347
69	23	 -0.083973
70	23	  0.200921
71	23	  0.088630
72	23	  0.223320


24th Eigenvalue:941.5676741232
1	24	 -0.195985
2	24	 -0.062760
3	24	 -0.001694
4	24	  0.002462
5	24	  0.014335
6	24	 -0.084391
7	24	  0.113112
8	24	  0.094226
9	24	 -0.104764
10	24	  0.096970
11	24	  0.068463
12	24	 -0.023892
13	24	 -0.042946
14	24	 -0.027405
15	24	  0.043648
16	24	 -0.155297
17	24	 -0.104940
18	24	  0.079022
19	24	 -0.152858
20	24	 -0.100799
21	24	  0.081839
22	24	 -0.040069
23	24	 -0.034387
24	24	  0.045664
25	24	  0.104182
26	24	  0.085409
27	24	  0.001592
28	24	  0.209944
29	24	  0.127323
30	24	 -0.014946
31	24	  0.102203
32	24	  0.012380
33	24	 -0.006297
34	24	 -0.175346
35	24	 -0.083860
36	24	  0.028172
37	24	  0.197719
38	24	 -0.109388
39	24	  0.018022
40	24	 -0.015022
41	24	  0.051927
42	24	  0.151090
43	24	 -0.153440
44	24	  0.141907
45	24	  0.133206
46	24	 -0.129024
47	24	  0.099603
48	24	 -0.002388
49	24	  0.075612
50	24	 -0.014694
51	24	 -0.107063
52	24	  0.251075
53	24	 -0.161214
54	24	 -0.086658
55	24	  0.241184
56	24	 -0.147448
57	24	 -0.064922
58	24	  0.052306
59	24	 -0.077151
60	24	 -0.037263
61	24	 -0.168908
62	24	  0.092427
63	24	 -0.002996
64	24	 -0.333095
65	24	  0.180500
66	24	 -0.018302
67	24	 -0.179984
68	24	  0.043698
69	24	 -0.026891
70	24	  0.295206
71	24	 -0.088152
72	24	  0.000215


25th Eigenvalue:1026.6026722339
1	25	 -0.138606
2	25	 -0.139147
3	25	 -0.051659
4	25	  0.021627
5	25	  0.030776
6	25	 -0.150853
7	25	  0.131789
8	25	  0.190487
9	25	 -0.117240
10	25	  0.115389
11	25	  0.187061
12	25	  0.042061
13	25	 -0.048281
14	25	  0.049262
15	25	  0.150042
16	25	 -0.214223
17	25	 -0.129189
18	25	  0.101440
19	25	 -0.241684
20	25	 -0.150271
21	25	  0.037702
22	25	 -0.066958
23	25	 -0.110162
24	25	  0.013566
25	25	  0.156834
26	25	  0.038001
27	25	 -0.006734
28	25	  0.334780
29	25	  0.148340
30	25	  0.016931
31	25	  0.189681
32	25	  0.042254
33	25	  0.042181
34	25	 -0.248235
35	25	 -0.039315
36	25	 -0.003289
37	25	 -0.031022
38	25	  0.093070
39	25	  0.037166
40	25	  0.013106
41	25	 -0.092713
42	25	 -0.105951
43	25	  0.054832
44	25	 -0.147563
45	25	 -0.096036
46	25	  0.031661
47	25	 -0.064469
48	25	 -0.009893
49	25	 -0.059582
50	25	  0.043752
51	25	  0.055533
52	25	 -0.140201
53	25	  0.138421
54	25	  0.047087
55	25	 -0.173726
56	25	  0.113139
57	25	  0.001245
58	25	 -0.111600
59	25	 -0.050998
60	25	 -0.028402
61	25	  0.058907
62	25	 -0.178442
63	25	  0.001365
64	25	  0.228575
65	25	 -0.145623
66	25	  0.024803
67	25	  0.196346
68	25	  0.023406
69	25	  0.025951
70	25	 -0.059410
71	25	  0.149924
72	25	 -0.027016


26th Eigenvalue:1123.5776711947
1	26	 -0.128808
2	26	 -0.013782
3	26	 -0.289293
4	26	  0.076897
5	26	 -0.195059
6	26	  0.055431
7	26	  0.098157
8	26	 -0.115249
9	26	  0.209190
10	26	  0.092376
11	26	  0.123851
12	26	  0.229732
13	26	  0.012495
14	26	  0.255689
15	26	  0.140098
16	26	 -0.072692
17	26	  0.211944
18	26	 -0.067052
19	26	 -0.024135
20	26	  0.099506
21	26	 -0.131586
22	26	  0.111089
23	26	 -0.199480
24	26	 -0.055640
25	26	  0.102642
26	26	 -0.347840
27	26	 -0.032912
28	26	  0.032524
29	26	 -0.152696
30	26	  0.050483
31	26	 -0.056351
32	26	  0.093740
33	26	  0.086020
34	26	 -0.222448
35	26	  0.286916
36	26	 -0.075915
37	26	 -0.024086
38	26	 -0.086948
39	26	 -0.042168
40	26	  0.068794
41	26	  0.122056
42	26	  0.109748
43	26	  0.082839
44	26	  0.150375
45	26	  0.102744
46	26	  0.042112
47	26	  0.029754
48	26	  0.026178
49	26	 -0.045514
50	26	 -0.089564
51	26	 -0.054234
52	26	 -0.113056
53	26	 -0.105567
54	26	 -0.157502
55	26	 -0.029687
56	26	 -0.072988
57	26	 -0.084472
58	26	  0.007690
59	26	 -0.013986
60	26	 -0.039489
61	26	  0.020484
62	26	  0.044681
63	26	 -0.014098
64	26	  0.017021
65	26	  0.020157
66	26	  0.014741
67	26	 -0.000841
68	26	 -0.010419
69	26	  0.027290
70	26	 -0.047503
71	26	 -0.035093
72	26	 -0.007294


27th Eigenvalue:1230.9520817557
1	27	  0.041169
2	27	 -0.037526
3	27	 -0.052924
4	27	 -0.087865
5	27	  0.011345
6	27	 -0.041928
7	27	 -0.123984
8	27	  0.049464
9	27	  0.003388
10	27	 -0.080525
11	27	  0.079231
12	27	  0.052749
13	27	  0.018735
14	27	  0.069533
15	27	  0.087555
16	27	  0.106789
17	27	  0.042637
18	27	  0.116737
19	27	  0.116167
20	27	  0.001181
21	27	  0.075855
22	27	  0.095501
23	27	 -0.098042
24	27	  0.044822
25	27	  0.003790
26	27	 -0.144156
27	27	 -0.011680
28	27	 -0.101870
29	27	 -0.096901
30	27	 -0.038300
31	27	 -0.101918
32	27	  0.032872
33	27	 -0.035518
34	27	 -0.000838
35	27	  0.104675
36	27	  0.028594
37	27	  0.048610
38	27	 -0.097674
39	27	  0.340022
40	27	  0.025171
41	27	 -0.171051
42	27	  0.016409
43	27	  0.003636
44	27	  0.023977
45	27	 -0.189342
46	27	 -0.041841
47	27	  0.250871
48	27	 -0.294661
49	27	  0.018322
50	27	  0.257339
51	27	 -0.197589
52	27	  0.054854
53	27	  0.106387
54	27	  0.048278
55	27	  0.013104
56	27	 -0.044067
57	27	  0.108424
58	27	 -0.040716
59	27	 -0.210726
60	27	  0.050631
61	27	 -0.079390
62	27	 -0.299156
63	27	 -0.027062
64	27	 -0.083103
65	27	 -0.133754
66	27	 -0.111077
67	27	 -0.019799
68	27	  0.071372
69	27	 -0.117656
70	27	  0.216003
71	27	  0.232168
72	27	  0.144272


28th Eigenvalue:1460.8336616119
1	28	  0.040768
2	28	 -0.226936
3	28	 -0.163009
4	28	 -0.091433
5	28	  0.047708
6	28	 -0.145172
7	28	 -0.045674
8	28	  0.227725
9	28	  0.053195
10	28	  0.017917
11	28	  0.146271
12	28	  0.231793
13	28	  0.046983
14	28	 -0.094106
15	28	  0.148804
16	28	  0.079385
17	28	 -0.136846
18	28	  0.072972
19	28	  0.082339
20	28	 -0.088335
21	28	  0.037904
22	28	 -0.031001
23	28	  0.064490
24	28	  0.034188
25	28	 -0.118483
26	28	  0.197550
27	28	  0.085722
28	28	 -0.115388
29	28	  0.091715
30	28	  0.061580
31	28	 -0.020561
32	28	 -0.068386
33	28	  0.002676
34	28	  0.125510
35	28	 -0.165213
36	28	 -0.095692
37	28	 -0.037792
38	28	 -0.242245
39	28	  0.185665
40	28	  0.088100
41	28	  0.087494
42	28	  0.158920
43	28	  0.076665
44	28	  0.230497
45	28	 -0.080397
46	28	 -0.005421
47	28	  0.073562
48	28	 -0.253601
49	28	 -0.067771
50	28	 -0.161353
51	28	 -0.140588
52	28	 -0.095604
53	28	 -0.129317
54	28	 -0.052435
55	28	 -0.090259
56	28	 -0.013129
57	28	 -0.041915
58	28	 -0.016661
59	28	  0.105432
60	28	 -0.067719
61	28	  0.097276
62	28	  0.196785
63	28	 -0.079751
64	28	  0.156152
65	28	  0.084232
66	28	 -0.014708
67	28	  0.084692
68	28	 -0.066918
69	28	  0.047590
70	28	 -0.159737
71	28	 -0.160678
72	28	  0.013978


29th Eigenvalue:1652.3925139708
1	29	 -0.016512
2	29	  0.248953
3	29	  0.249516
4	29	  0.106620
5	29	 -0.013721
6	29	  0.097737
7	29	  0.062784
8	29	 -0.215859
9	29	 -0.174714
10	29	  0.004478
11	29	 -0.143625
12	29	 -0.305156
13	29	 -0.005403
14	29	  0.108263
15	29	 -0.049313
16	29	 -0.040588
17	29	  0.090614
18	29	  0.096017
19	29	 -0.058115
20	29	 -0.022519
21	29	  0.176060
22	29	 -0.018592
23	29	 -0.138839
24	29	  0.105330
25	29	  0.037637
26	29	 -0.099915
27	29	 -0.048427
28	29	  0.084511
29	29	  0.025911
30	29	 -0.124741
31	29	  0.000999
32	29	  0.051233
33	29	 -0.105503
34	29	 -0.105995
35	29	 -0.003016
36	29	  0.150558
37	29	  0.024650
38	29	 -0.230472
39	29	  0.154229
40	29	  0.060133
41	29	  0.106537
42	29	  0.146780
43	29	  0.006992
44	29	  0.215005
45	29	 -0.091049
46	29	 -0.029586
47	29	 -0.000788
48	29	 -0.240112
49	29	 -0.010695
50	29	 -0.221390
51	29	 -0.074593
52	29	  0.028408
53	29	 -0.122992
54	29	  0.061651
55	29	 -0.048565
56	29	  0.130153
57	29	  0.067713
58	29	 -0.140974
59	29	  0.208000
60	29	 -0.019858
61	29	 -0.074647
62	29	  0.072119
63	29	 -0.069273
64	29	  0.136817
65	29	 -0.078970
66	29	 -0.016869
67	29	  0.139733
68	29	 -0.029403
69	29	  0.025687
70	29	 -0.144088
71	29	  0.064722
72	29	 -0.011669


30th Eigenvalue:1808.8921334924
1	30	 -0.013958
2	30	 -0.131453
3	30	  0.023709
4	30	 -0.057995
5	30	  0.125138
6	30	 -0.141008
7	30	  0.013682
8	30	  0.171877
9	30	 -0.064259
10	30	  0.004194
11	30	 -0.041162
12	30	  0.092200
13	30	 -0.053457
14	30	 -0.211454
15	30	  0.091654
16	30	 -0.072056
17	30	 -0.116786
18	30	  0.045719
19	30	  0.051984
20	30	  0.110490
21	30	  0.020216
22	30	  0.233634
23	30	  0.174689
24	30	  0.059097
25	30	  0.189978
26	30	 -0.036940
27	30	  0.031899
28	30	 -0.134628
29	30	 -0.190406
30	30	 -0.074035
31	30	 -0.214949
32	30	  0.006428
33	30	 -0.117300
34	30	  0.080568
35	30	  0.168943
36	30	  0.113263
37	30	  0.052081
38	30	  0.009949
39	30	 -0.175501
40	30	 -0.034248
41	30	  0.133297
42	30	  0.107373
43	30	 -0.075615
44	30	  0.018505
45	30	  0.178740
46	30	 -0.001062
47	30	 -0.131298
48	30	  0.077116
49	30	  0.077116
50	30	 -0.103546
51	30	 -0.124273
52	30	  0.116472
53	30	 -0.052606
54	30	 -0.131322
55	30	  0.022204
56	30	  0.102000
57	30	 -0.074267
58	30	 -0.182822
59	30	  0.110097
60	30	 -0.049093
61	30	 -0.234989
62	30	 -0.129619
63	30	  0.021352
64	30	  0.029499
65	30	 -0.226197
66	30	  0.112234
67	30	  0.184893
68	30	  0.008153
69	30	  0.112440
70	30	  0.019473
71	30	  0.231903
72	30	 -0.135956


31th Eigenvalue:1919.5043773344
1	31	  0.086712
2	31	  0.016133
3	31	 -0.122570
4	31	 -0.056443
5	31	 -0.078729
6	31	  0.090700
7	31	 -0.139646
8	31	 -0.050163
9	31	  0.149696
10	31	 -0.068195
11	31	  0.123014
12	31	  0.040890
13	31	  0.075014
14	31	  0.170572
15	31	 -0.088544
16	31	  0.183704
17	31	  0.089122
18	31	 -0.055848
19	31	  0.062620
20	31	 -0.114406
21	31	 -0.076920
22	31	 -0.183643
23	31	 -0.124229
24	31	 -0.102270
25	31	 -0.239195
26	31	  0.097767
27	31	 -0.017245
28	31	  0.040440
29	31	  0.204634
30	31	  0.130461
31	31	  0.193978
32	31	 -0.024097
33	31	  0.172773
34	31	 -0.018354
35	31	 -0.199124
36	31	 -0.201367
37	31	  0.064695
38	31	 -0.023255
39	31	 -0.104831
40	31	 -0.031139
41	31	  0.103505
42	31	  0.101462
43	31	 -0.084592
44	31	  0.018573
45	31	  0.111352
46	31	 -0.014282
47	31	 -0.130910
48	31	  0.010239
49	31	  0.084245
50	31	 -0.113263
51	31	 -0.103299
52	31	  0.150089
53	31	 -0.040586
54	31	 -0.038207
55	31	  0.080804
56	31	  0.109641
57	31	  0.024430
58	31	 -0.082855
59	31	  0.144070
60	31	  0.042983
61	31	 -0.216842
62	31	 -0.174929
63	31	  0.030301
64	31	 -0.044960
65	31	 -0.289291
66	31	  0.044711
67	31	  0.090004
68	31	 -0.005056
69	31	  0.021118
70	31	  0.067840
71	31	  0.291007
72	31	 -0.060016


32th Eigenvalue:2209.4997623019
1	32	 -0.041891
2	32	  0.006424
3	32	 -0.182624
4	32	  0.081408
5	32	 -0.158406
6	32	  0.182502
7	32	  0.027127
8	32	 -0.007919
9	32	  0.206079
10	32	 -0.009185
11	32	  0.192696
12	32	 -0.014566
13	32	 -0.053434
14	32	  0.137062
15	32	 -0.234086
16	32	 -0.061374
17	32	 -0.004292
18	32	 -0.107949
19	32	  0.047642
20	32	 -0.158182
21	32	  0.116493
22	32	  0.186199
23	32	 -0.203945
24	32	  0.228042
25	32	  0.077908
26	32	  0.107619
27	32	  0.118848
28	32	 -0.095327
29	32	  0.206913
30	32	 -0.108347
31	32	 -0.181921
32	32	  0.055511
33	32	 -0.237356
34	32	  0.134288
35	32	 -0.180178
36	32	  0.163603
37	32	  0.017010
38	32	  0.087055
39	32	  0.026428
40	32	 -0.043509
41	32	 -0.137812
42	32	 -0.111837
43	32	 -0.029487
44	32	 -0.052885
45	32	 -0.011458
46	32	 -0.015485
47	32	  0.145739
48	32	  0.081366
49	32	  0.049457
50	32	  0.132514
51	32	  0.057930
52	32	  0.088809
53	32	 -0.057917
54	32	 -0.011318
55	32	 -0.008671
56	32	 -0.141619
57	32	 -0.104158
58	32	 -0.148955
59	32	 -0.060145
60	32	 -0.119928
61	32	 -0.136126
62	32	  0.073732
63	32	 -0.060586
64	32	  0.053409
65	32	  0.031978
66	32	  0.083661
67	32	  0.161657
68	32	  0.000614
69	32	  0.156815
70	32	 -0.099549
71	32	 -0.014559
72	32	 -0.117552


33th Eigenvalue:2526.6623303281
1	33	 -0.050822
2	33	  0.008623
3	33	 -0.043832
4	33	  0.055228
5	33	 -0.057144
6	33	  0.057070
7	33	  0.050699
8	33	  0.001725
9	33	  0.033328
10	33	  0.014475
11	33	  0.053202
12	33	 -0.033216
13	33	 -0.043713
14	33	  0.019478
15	33	 -0.066409
16	33	 -0.094915
17	33	 -0.060918
18	33	 -0.075913
19	33	 -0.028451
20	33	 -0.100983
21	33	  0.002343
22	33	  0.164251
23	33	 -0.160192
24	33	  0.149315
25	33	  0.105826
26	33	  0.076456
27	33	  0.118151
28	33	 -0.084649
29	33	  0.176488
30	33	 -0.045102
31	33	 -0.174678
32	33	  0.052658
33	33	 -0.163900
34	33	  0.106532
35	33	 -0.150255
36	33	  0.082314
37	33	 -0.055501
38	33	 -0.049192
39	33	 -0.109577
40	33	  0.052111
41	33	  0.177566
42	33	  0.157837
43	33	  0.057477
44	33	 -0.012361
45	33	  0.081508
46	33	  0.032828
47	33	 -0.216839
48	33	 -0.080866
49	33	 -0.090554
50	33	 -0.082625
51	33	 -0.149310
52	33	 -0.185560
53	33	  0.182319
54	33	 -0.091152
55	33	 -0.082947
56	33	  0.246178
57	33	  0.012997
58	33	  0.219480
59	33	  0.068782
60	33	  0.141610
61	33	  0.257132
62	33	 -0.153827
63	33	  0.162808
64	33	 -0.098686
65	33	 -0.073979
66	33	 -0.046220
67	33	 -0.290759
68	33	  0.009358
69	33	 -0.200774
70	33	  0.165196
71	33	  0.045481
72	33	  0.106990


34th Eigenvalue:2640.1711880938
1	34	 -0.087785
2	34	 -0.128135
3	34	 -0.187875
4	34	  0.074017
5	34	 -0.032076
6	34	  0.126575
7	34	  0.105545
8	34	  0.142057
9	34	  0.218522
10	34	  0.011285
11	34	  0.051547
12	34	 -0.002756
13	34	 -0.102923
14	34	 -0.129887
15	34	 -0.319327
16	34	 -0.131340
17	34	 -0.082034
18	34	 -0.232460
19	34	 -0.072816
20	34	  0.003748
21	34	 -0.111450
22	34	 -0.034511
23	34	  0.176433
24	34	 -0.086976
25	34	  0.079068
26	34	  0.022706
27	34	 -0.011298
28	34	  0.040353
29	34	 -0.148100
30	34	  0.002615
31	34	 -0.019301
32	34	 -0.051461
33	34	  0.001132
34	34	 -0.021972
35	34	  0.134019
36	34	  0.024042
37	34	  0.071073
38	34	 -0.170608
39	34	  0.211825
40	34	 -0.008716
41	34	  0.033532
42	34	 -0.084338
43	34	 -0.070635
44	34	  0.157837
45	34	 -0.280321
46	34	 -0.026511
47	34	 -0.014741
48	34	 -0.061440
49	34	  0.020760
50	34	 -0.161787
51	34	  0.342624
52	34	  0.090388
53	34	  0.004450
54	34	  0.247265
55	34	  0.072521
56	34	  0.101593
57	34	  0.117151
58	34	  0.080430
59	34	  0.153099
60	34	  0.090444
61	34	 -0.011198
62	34	 -0.019335
63	34	  0.040752
64	34	 -0.066837
65	34	 -0.113474
66	34	 -0.001397
67	34	 -0.042617
68	34	 -0.034459
69	34	 -0.031751
70	34	  0.051722
71	34	  0.105076
72	34	 -0.011560


35th Eigenvalue:3087.3629094435
1	35	  0.037165
2	35	  0.251915
3	35	  0.029777
4	35	  0.068972
5	35	 -0.283027
6	35	  0.134732
7	35	 -0.105135
8	35	 -0.159872
9	35	 -0.139644
10	35	 -0.024663
11	35	  0.356859
12	35	 -0.161000
13	35	  0.019609
14	35	  0.204387
15	35	  0.143223
16	35	 -0.020143
17	35	 -0.335977
18	35	  0.171305
19	35	 -0.059929
20	35	 -0.276586
21	35	 -0.070977
22	35	  0.059431
23	35	  0.252464
24	35	 -0.136701
25	35	  0.147587
26	35	  0.207359
27	35	  0.047801
28	35	 -0.110755
29	35	 -0.214350
30	35	  0.093858
31	35	 -0.078374
32	35	 -0.104680
33	35	  0.094141
34	35	  0.079227
35	35	  0.156568
36	35	 -0.116090
37	35	  0.007516
38	35	 -0.037718
39	35	  0.006016
40	35	  0.005264
41	35	  0.054287
42	35	  0.024257
43	35	 -0.007870
44	35	  0.013416
45	35	 -0.031847
46	35	  0.007429
47	35	 -0.053886
48	35	 -0.027158
49	35	 -0.003999
50	35	 -0.010262
51	35	  0.022218
52	35	 -0.010918
53	35	  0.070649
54	35	  0.000473
55	35	  0.008795
56	35	 -0.013507
57	35	 -0.057174
58	35	  0.025040
59	35	 -0.078885
60	35	 -0.051276
61	35	 -0.007410
62	35	 -0.021110
63	35	 -0.009395
64	35	 -0.042441
65	35	  0.018683
66	35	  0.036667
67	35	  0.007540
68	35	  0.005153
69	35	  0.060109
70	35	 -0.001939
71	35	 -0.001880
72	35	 -0.063316


36th Eigenvalue:3095.5384387586
1	36	 -0.032263
2	36	  0.093421
3	36	  0.158560
4	36	  0.019572
5	36	 -0.003618
6	36	 -0.139773
7	36	  0.041938
8	36	 -0.071370
9	36	 -0.206867
10	36	  0.037233
11	36	 -0.064265
12	36	  0.076586
13	36	 -0.026717
14	36	  0.022655
15	36	  0.260802
16	36	 -0.109733
17	36	  0.020895
18	36	 -0.040746
19	36	  0.025544
20	36	  0.048919
21	36	 -0.135063
22	36	  0.191621
23	36	 -0.093866
24	36	 -0.024174
25	36	  0.017363
26	36	 -0.023067
27	36	  0.007311
28	36	 -0.163960
29	36	  0.197458
30	36	  0.074267
31	36	 -0.071521
32	36	  0.094628
33	36	  0.093713
34	36	  0.100828
35	36	 -0.192910
36	36	 -0.133835
37	36	 -0.033620
38	36	 -0.018015
39	36	  0.163454
40	36	  0.019665
41	36	 -0.117070
42	36	 -0.203117
43	36	  0.062086
44	36	  0.090688
45	36	 -0.152332
46	36	 -0.009535
47	36	  0.180952
48	36	  0.135866
49	36	 -0.097467
50	36	 -0.088007
51	36	  0.263923
52	36	 -0.127235
53	36	 -0.127143
54	36	 -0.133199
55	36	  0.113167
56	36	 -0.048311
57	36	 -0.095998
58	36	  0.194921
59	36	  0.159107
60	36	 -0.000174
61	36	 -0.031686
62	36	  0.063881
63	36	 -0.002237
64	36	 -0.161442
65	36	 -0.229114
66	36	  0.065782
67	36	 -0.041917
68	36	 -0.116228
69	36	  0.080850
70	36	  0.083156
71	36	  0.220380
72	36	 -0.113601


37th Eigenvalue:3480.6492183728
1	37	 -0.023553
2	37	 -0.017293
3	37	 -0.067265
4	37	  0.039520
5	37	 -0.034823
6	37	  0.094452
7	37	  0.017258
8	37	  0.047403
9	37	  0.048078
10	37	 -0.006181
11	37	  0.064269
12	37	 -0.089143
13	37	  0.004609
14	37	 -0.040052
15	37	 -0.068559
16	37	  0.033868
17	37	 -0.083164
18	37	  0.066021
19	37	 -0.009927
20	37	 -0.096790
21	37	  0.106964
22	37	 -0.133798
23	37	  0.068181
24	37	  0.021776
25	37	 -0.026351
26	37	  0.099332
27	37	  0.030919
28	37	  0.089333
29	37	 -0.161237
30	37	 -0.028575
31	37	  0.041061
32	37	 -0.116137
33	37	 -0.066449
34	37	 -0.039775
35	37	  0.163588
36	37	  0.079309
37	37	 -0.121271
38	37	  0.221259
39	37	 -0.061409
40	37	  0.053301
41	37	 -0.302247
42	37	 -0.072685
43	37	  0.160326
44	37	 -0.036184
45	37	  0.217682
46	37	 -0.049348
47	37	  0.351561
48	37	  0.054577
49	37	 -0.063338
50	37	 -0.061968
51	37	 -0.169757
52	37	 -0.060734
53	37	 -0.328385
54	37	 -0.149894
55	37	 -0.013888
56	37	 -0.002948
57	37	  0.048884
58	37	  0.050759
59	37	  0.312684
60	37	  0.099789
61	37	  0.094559
62	37	  0.107780
63	37	  0.028288
64	37	  0.042227
65	37	 -0.197106
66	37	 -0.070019
67	37	 -0.117121
68	37	 -0.108272
69	37	 -0.150948
70	37	  0.038464
71	37	  0.150549
72	37	  0.097964


38th Eigenvalue:3759.7980101110
1	38	 -0.106887
2	38	  0.040030
3	38	 -0.036177
4	38	  0.157808
5	38	 -0.128207
6	38	  0.121657
7	38	  0.096741
8	38	  0.089270
9	38	 -0.065012
10	38	 -0.037490
11	38	  0.095337
12	38	 -0.114286
13	38	 -0.157056
14	38	 -0.135534
15	38	  0.037519
16	38	 -0.198147
17	38	 -0.153952
18	38	 -0.014308
19	38	  0.076456
20	38	  0.146592
21	38	 -0.083805
22	38	  0.254699
23	38	  0.076331
24	38	 -0.075426
25	38	 -0.030917
26	38	 -0.179097
27	38	 -0.148142
28	38	 -0.209327
29	38	  0.141577
30	38	  0.055104
31	38	  0.048509
32	38	  0.170510
33	38	  0.251781
34	38	  0.032147
35	38	 -0.204361
36	38	 -0.195957
37	38	 -0.006435
38	38	  0.081077
39	38	 -0.053028
40	38	 -0.008836
41	38	 -0.100891
42	38	  0.024477
43	38	  0.000562
44	38	 -0.020774
45	38	  0.101810
46	38	 -0.019766
47	38	  0.085484
48	38	 -0.035903
49	38	  0.068077
50	38	 -0.011050
51	38	 -0.098134
52	38	  0.124548
53	38	 -0.119577
54	38	  0.100479
55	38	  0.017672
56	38	  0.050054
57	38	  0.204097
58	38	 -0.178538
59	38	  0.088806
60	38	  0.103889
61	38	 -0.060959
62	38	 -0.096012
63	38	  0.039709
64	38	  0.185114
65	38	  0.103024
66	38	 -0.100237
67	38	  0.028200
68	38	  0.133393
69	38	 -0.185592
70	38	 -0.076175
71	38	 -0.152028
72	38	  0.165485


39th Eigenvalue:3913.8147356067
1	39	 -0.093464
2	39	 -0.035008
3	39	 -0.104895
4	39	  0.139521
5	39	 -0.059397
6	39	  0.192660
7	39	  0.082103
8	39	  0.137220
9	39	  0.012228
10	39	 -0.050186
11	39	  0.057245
12	39	 -0.196524
13	39	 -0.081080
14	39	 -0.167382
15	39	 -0.017860
16	39	 -0.031416
17	39	 -0.111334
18	39	  0.108806
19	39	  0.186197
20	39	  0.164132
21	39	  0.169737
22	39	  0.067587
23	39	  0.044822
24	39	  0.078348
25	39	 -0.218418
26	39	 -0.100166
27	39	 -0.119005
28	39	 -0.012392
29	39	  0.002613
30	39	 -0.055888
31	39	  0.176892
32	39	  0.007239
33	39	  0.066444
34	39	 -0.095364
35	39	 -0.011187
36	39	 -0.000112
37	39	 -0.100200
38	39	  0.012484
39	39	 -0.094536
40	39	  0.100903
41	39	  0.082631
42	39	  0.171659
43	39	  0.111818
44	39	 -0.119648
45	39	  0.016115
46	39	 -0.015296
47	39	 -0.090553
48	39	 -0.174109
49	39	 -0.139581
50	39	  0.141686
51	39	 -0.010000
52	39	 -0.183137
53	39	  0.175662
54	39	  0.031220
55	39	  0.093629
56	39	 -0.147291
57	39	  0.001038
58	39	  0.231859
59	39	 -0.084418
60	39	 -0.019275
61	39	 -0.063234
62	39	  0.194624
63	39	 -0.136360
64	39	 -0.188555
65	39	 -0.097171
66	39	  0.024565
67	39	  0.090692
68	39	 -0.176722
69	39	  0.197646
70	39	 -0.008878
71	39	  0.179920
72	39	 -0.141900


40th Eigenvalue:4233.7003574664
1	40	 -0.004691
2	40	 -0.002665
3	40	 -0.068546
4	40	  0.034784
5	40	 -0.047589
6	40	  0.124805
7	40	 -0.025287
8	40	  0.047126
9	40	  0.010012
10	40	 -0.034566
11	40	  0.097006
12	40	 -0.124788
13	40	 -0.001463
14	40	 -0.075719
15	40	  0.020525
16	40	  0.049855
17	40	 -0.079743
18	40	  0.152489
19	40	  0.202850
20	40	  0.133868
21	40	  0.201562
22	40	  0.093559
23	40	  0.034669
24	40	  0.123868
25	40	 -0.256645
26	40	 -0.060086
27	40	 -0.103030
28	40	  0.004193
29	40	 -0.014443
30	40	 -0.076699
31	40	  0.202701
32	40	 -0.041117
33	40	  0.023359
34	40	 -0.101990
35	40	  0.036826
36	40	  0.038195
37	40	  0.114979
38	40	 -0.118032
39	40	  0.170583
40	40	 -0.111681
41	40	  0.061699
42	40	 -0.248997
43	40	 -0.111652
44	40	  0.132186
45	40	 -0.106523
46	40	  0.068100
47	40	 -0.016168
48	40	  0.290547
49	40	  0.062609
50	40	 -0.086959
51	40	  0.007328
52	40	  0.003883
53	40	 -0.040054
54	40	 -0.230247
55	40	 -0.190660
56	40	  0.175289
57	40	 -0.249811
58	40	 -0.133394
59	40	 -0.032356
60	40	 -0.142173
61	40	  0.214596
62	40	 -0.142063
63	40	  0.128808
64	40	  0.005113
65	40	  0.027627
66	40	  0.106172
67	40	 -0.177380
68	40	  0.049375
69	40	  0.002243
70	40	  0.092185
71	40	 -0.038678
72	40	 -0.049682


41th Eigenvalue:4685.3703283428
1	41	  0.018012
2	41	  0.298563
3	41	  0.199367
4	41	 -0.016572
5	41	 -0.400488
6	41	 -0.265549
7	41	 -0.027297
8	41	 -0.013510
9	41	 -0.174597
10	41	  0.087908
11	41	  0.223195
12	41	  0.384250
13	41	 -0.080708
14	41	 -0.193365
15	41	 -0.089191
16	41	 -0.103209
17	41	  0.008344
18	41	 -0.237217
19	41	  0.147886
20	41	  0.101022
21	41	 -0.003251
22	41	  0.054472
23	41	 -0.090888
24	41	  0.102679
25	41	 -0.241439
26	41	  0.098150
27	41	  0.004479
28	41	  0.068606
29	41	 -0.005030
30	41	 -0.057260
31	41	  0.131772
32	41	 -0.199758
33	41	 -0.110280
34	41	 -0.077307
35	41	  0.142259
36	41	  0.114828
37	41	  0.002766
38	41	 -0.005229
39	41	 -0.026559
40	41	  0.004146
41	41	  0.034302
42	41	  0.058455
43	41	 -0.013570
44	41	 -0.040621
45	41	 -0.016265
46	41	  0.002098
47	41	 -0.037653
48	41	 -0.047203
49	41	  0.019272
50	41	  0.085385
51	41	  0.020456
52	41	  0.039231
53	41	 -0.008689
54	41	  0.063082
55	41	  0.010945
56	41	 -0.049969
57	41	  0.050981
58	41	 -0.044469
59	41	  0.057716
60	41	  0.039491
61	41	 -0.006039
62	41	  0.017431
63	41	  0.021566
64	41	  0.049585
65	41	 -0.023402
66	41	 -0.013633
67	41	 -0.021890
68	41	 -0.004132
69	41	 -0.053612
70	41	 -0.004198
71	41	  0.006367
72	41	  0.034983


42th Eigenvalue:4866.1975593834
1	42	  0.019143
2	42	  0.021095
3	42	  0.027732
4	42	 -0.037463
5	42	 -0.011504
6	42	 -0.061649
7	42	 -0.013644
8	42	 -0.031125
9	42	  0.018095
10	42	  0.022029
11	42	  0.014780
12	42	  0.056043
13	42	  0.007748
14	42	  0.032724
15	42	 -0.048709
16	42	 -0.010409
17	42	 -0.000311
18	42	  0.014944
19	42	 -0.056340
20	42	 -0.003319
21	42	  0.014145
22	42	 -0.009839
23	42	  0.098505
24	42	 -0.042693
25	42	  0.101595
26	42	 -0.126810
27	42	 -0.041791
28	42	 -0.029675
29	42	  0.008221
30	42	  0.011189
31	42	 -0.045586
32	42	  0.162052
33	42	  0.076699
34	42	  0.021104
35	42	 -0.113552
36	42	 -0.059554
37	42	  0.043160
38	42	  0.009169
39	42	 -0.061757
40	42	 -0.029691
41	42	  0.024426
42	42	  0.113676
43	42	 -0.079554
44	42	 -0.054521
45	42	 -0.006364
46	42	  0.007139
47	42	 -0.054503
48	42	 -0.098495
49	42	  0.114281
50	42	  0.156200
51	42	  0.002880
52	42	  0.176398
53	42	 -0.064167
54	42	  0.182018
55	42	 -0.169822
56	42	 -0.133968
57	42	 -0.026339
58	42	 -0.317102
59	42	 -0.027731
60	42	 -0.136222
61	42	  0.369127
62	42	  0.283475
63	42	  0.041540
64	42	  0.102525
65	42	 -0.087387
66	42	  0.070765
67	42	 -0.313014
68	42	 -0.373595
69	42	  0.014334
70	42	  0.127890
71	42	  0.271848
72	42	 -0.060486


43th Eigenvalue:4903.8275814505
1	43	  0.029173
2	43	  0.005620
3	43	  0.047625
4	43	 -0.061760
5	43	  0.034445
6	43	 -0.110885
7	43	 -0.004096
8	43	 -0.068243
9	43	  0.049463
10	43	  0.032074
11	43	 -0.035279
12	43	  0.086697
13	43	  0.006673
14	43	  0.115560
15	43	 -0.096105
16	43	 -0.052861
17	43	 -0.014992
18	43	 -0.051077
19	43	  0.028464
20	43	 -0.017166
21	43	  0.034540
22	43	  0.137390
23	43	  0.064787
24	43	  0.041260
25	43	 -0.085744
26	43	 -0.020467
27	43	 -0.067707
28	43	 -0.064932
29	43	 -0.006466
30	43	 -0.035517
31	43	  0.103059
32	43	 -0.016800
33	43	  0.051984
34	43	 -0.039413
35	43	  0.009116
36	43	 -0.008097
37	43	 -0.042845
38	43	  0.213107
39	43	 -0.130465
40	43	  0.070802
41	43	 -0.357320
42	43	  0.142052
43	43	  0.045773
44	43	  0.118124
45	43	  0.158756
46	43	 -0.125306
47	43	  0.186988
48	43	 -0.263555
49	43	  0.010842
50	43	 -0.382272
51	43	  0.112354
52	43	  0.096533
53	43	  0.115530
54	43	  0.146082
55	43	 -0.122669
56	43	  0.286784
57	43	 -0.102095
58	43	  0.037449
59	43	 -0.187208
60	43	 -0.128153
61	43	  0.119976
62	43	 -0.128388
63	43	  0.003232
64	43	 -0.171276
65	43	  0.098744
66	43	  0.081876
67	43	  0.013156
68	43	  0.015248
69	43	  0.179975
70	43	  0.039541
71	43	 -0.029452
72	43	 -0.142239


44th Eigenvalue:5130.7109621193
1	44	 -0.042987
2	44	 -0.132246
3	44	  0.012519
4	44	  0.000229
5	44	  0.254729
6	44	 -0.064732
7	44	  0.098115
8	44	 -0.084241
9	44	  0.077466
10	44	 -0.007504
11	44	 -0.237331
12	44	 -0.004450
13	44	 -0.030517
14	44	  0.333800
15	44	 -0.003792
16	44	 -0.163481
17	44	 -0.016654
18	44	 -0.065485
19	44	 -0.030349
20	44	 -0.237106
21	44	  0.009666
22	44	  0.379216
23	44	  0.003949
24	44	  0.093802
25	44	 -0.176271
26	44	  0.217985
27	44	 -0.083244
28	44	 -0.243327
29	44	 -0.039678
30	44	 -0.072836
31	44	  0.283794
32	44	 -0.256690
33	44	  0.098333
34	44	 -0.087061
35	44	  0.169700
36	44	 -0.013537
37	44	 -0.013907
38	44	 -0.030868
39	44	 -0.025361
40	44	  0.026187
41	44	  0.096596
42	44	  0.083674
43	44	  0.002956
44	44	 -0.095225
45	44	 -0.073991
46	44	  0.005098
47	44	 -0.042995
48	44	 -0.032415
49	44	 -0.011228
50	44	  0.181171
51	44	  0.067506
52	44	  0.006814
53	44	 -0.068342
54	44	 -0.023723
55	44	  0.051416
56	44	 -0.105323
57	44	  0.003946
58	44	 -0.085821
59	44	  0.098699
60	44	  0.008682
61	44	 -0.011085
62	44	  0.012554
63	44	  0.037492
64	44	  0.093314
65	44	 -0.035715
66	44	  0.004978
67	44	 -0.059775
68	44	  0.022522
69	44	 -0.079718
70	44	  0.016172
71	44	 -0.009292
72	44	  0.045219


45th Eigenvalue:5629.1180212671
1	45	 -0.034185
2	45	 -0.050389
3	45	 -0.106314
4	45	  0.102540
5	45	  0.025944
6	45	  0.255271
7	45	 -0.041669
8	45	  0.076592
9	45	 -0.165730
10	45	 -0.069882
11	45	  0.017093
12	45	 -0.114189
13	45	 -0.000905
14	45	 -0.148913
15	45	  0.279404
16	45	  0.081897
17	45	  0.150038
18	45	 -0.026045
19	45	  0.071155
20	45	  0.090097
21	45	 -0.108919
22	45	 -0.094232
23	45	 -0.168778
24	45	 -0.056602
25	45	  0.003421
26	45	  0.105019
27	45	  0.074894
28	45	  0.064230
29	45	  0.043361
30	45	  0.046504
31	45	 -0.074363
32	45	 -0.138298
33	45	 -0.085053
34	45	  0.031576
35	45	  0.079267
36	45	  0.030071
37	45	 -0.039454
38	45	  0.089671
39	45	 -0.156277
40	45	  0.106445
41	45	 -0.088473
42	45	  0.335562
43	45	 -0.021374
44	45	 -0.062116
45	45	 -0.167853
46	45	 -0.072732
47	45	  0.021475
48	45	 -0.198335
49	45	 -0.013837
50	45	  0.081934
51	45	  0.372181
52	45	  0.073841
53	45	 -0.089128
54	45	 -0.066089
55	45	  0.053184
56	45	 -0.037824
57	45	 -0.161660
58	45	 -0.185546
59	45	  0.113561
60	45	 -0.127475
61	45	  0.065416
62	45	 -0.148025
63	45	  0.099297
64	45	  0.058585
65	45	 -0.018009
66	45	  0.096667
67	45	 -0.119138
68	45	  0.139727
69	45	 -0.030042
70	45	  0.055029
71	45	 -0.083825
72	45	 -0.019268


46th Eigenvalue:5698.4661356666
1	46	 -0.067820
2	46	 -0.055737
3	46	 -0.085742
4	46	  0.140479
5	46	  0.037024
6	46	  0.226132
7	46	  0.007475
8	46	  0.089824
9	46	 -0.189916
10	46	 -0.084968
11	46	 -0.063797
12	46	 -0.061844
13	46	 -0.055475
14	46	 -0.087191
15	46	  0.264630
16	46	 -0.023745
17	46	  0.168049
18	46	 -0.132617
19	46	 -0.012222
20	46	  0.005969
21	46	 -0.206013
22	46	  0.064066
23	46	 -0.217754
24	46	 -0.051169
25	46	 -0.006382
26	46	  0.193121
27	46	  0.058476
28	46	 -0.072395
29	46	  0.086476
30	46	  0.026427
31	46	  0.035638
32	46	 -0.292734
33	46	 -0.052521
34	46	  0.016001
35	46	  0.167742
36	46	  0.027886
37	46	  0.067745
38	46	 -0.003887
39	46	  0.074973
40	46	 -0.109140
41	46	 -0.064223
42	46	 -0.204091
43	46	 -0.043376
44	46	  0.139080
45	46	  0.176798
46	46	  0.052648
47	46	 -0.028241
48	46	  0.057632
49	46	  0.100348
50	46	 -0.158554
51	46	 -0.247469
52	46	  0.067259
53	46	  0.141075
54	46	  0.202079
55	46	 -0.073410
56	46	  0.022646
57	46	  0.146779
58	46	 -0.031983
59	46	 -0.183161
60	46	  0.032744
61	46	  0.044742
62	46	  0.125590
63	46	 -0.058740
64	46	  0.003241
65	46	  0.078108
66	46	 -0.040211
67	46	 -0.006487
68	46	 -0.231317
69	46	  0.060814
70	46	 -0.012239
71	46	  0.131891
72	46	 -0.025041


47th Eigenvalue:6556.2457510475
1	47	  0.057879
2	47	 -0.041174
3	47	  0.017682
4	47	 -0.119409
5	47	  0.142310
6	47	 -0.096190
7	47	 -0.012682
8	47	 -0.196149
9	47	  0.182857
10	47	  0.078820
11	47	  0.123654
12	47	 -0.142937
13	47	  0.030314
14	47	  0.085013
15	47	  0.016481
16	47	 -0.093241
17	47	 -0.284365
18	47	  0.077969
19	47	  0.081820
20	47	  0.249745
21	47	 -0.104129
22	47	 -0.001650
23	47	 -0.055579
24	47	  0.001638
25	47	 -0.120450
26	47	 -0.067837
27	47	  0.025054
28	47	  0.146952
29	47	  0.120808
30	47	  0.056738
31	47	 -0.091594
32	47	 -0.111196
33	47	 -0.110414
34	47	  0.029513
35	47	  0.046329
36	47	  0.048162
37	47	  0.003800
38	47	  0.037021
39	47	  0.018437
40	47	 -0.011100
41	47	 -0.119369
42	47	 -0.073605
43	47	  0.019630
44	47	  0.154608
45	47	  0.103970
46	47	  0.000663
47	47	 -0.059577
48	47	 -0.066185
49	47	 -0.049707
50	47	 -0.165395
51	47	  0.037731
52	47	 -0.101185
53	47	  0.296317
54	47	  0.008628
55	47	  0.276337
56	47	 -0.224247
57	47	  0.001529
58	47	 -0.113620
59	47	  0.063418
60	47	 -0.035966
61	47	 -0.173319
62	47	 -0.001481
63	47	  0.020093
64	47	  0.320041
65	47	  0.048098
66	47	  0.082888
67	47	 -0.229686
68	47	 -0.075160
69	47	 -0.081716
70	47	  0.071870
71	47	  0.034207
72	47	  0.011285


48th Eigenvalue:6750.4460117054
1	48	 -0.063751
2	48	  0.021913
3	48	 -0.023383
4	48	  0.121340
5	48	 -0.101249
6	48	  0.110852
7	48	  0.007224
8	48	  0.174011
9	48	 -0.206538
10	48	 -0.077456
11	48	 -0.147339
12	48	  0.179317
13	48	 -0.020140
14	48	 -0.007078
15	48	 -0.049984
16	48	  0.099779
17	48	  0.212482
18	48	 -0.050697
19	48	 -0.020480
20	48	 -0.244221
21	48	  0.142426
22	48	  0.037934
23	48	  0.090220
24	48	  0.050771
25	48	 -0.042472
26	48	  0.090030
27	48	 -0.036077
28	48	  0.031810
29	48	 -0.248558
30	48	 -0.042264
31	48	  0.009593
32	48	  0.260089
33	48	  0.081295
34	48	 -0.015800
35	48	 -0.109572
36	48	 -0.041579
37	48	  0.013537
38	48	 -0.001979
39	48	  0.066484
40	48	 -0.042114
41	48	 -0.043877
42	48	 -0.196346
43	48	  0.059316
44	48	  0.118672
45	48	  0.241267
46	48	 -0.009077
47	48	 -0.076509
48	48	 -0.150530
49	48	 -0.055466
50	48	 -0.117002
51	48	  0.027779
52	48	 -0.097445
53	48	  0.308712
54	48	  0.022818
55	48	  0.171973
56	48	 -0.252890
57	48	 -0.118875
58	48	 -0.112810
59	48	  0.112590
60	48	 -0.089816
61	48	 -0.032931
62	48	 -0.003314
63	48	  0.044015
64	48	  0.114104
65	48	 -0.121662
66	48	  0.098353
67	48	 -0.124358
68	48	  0.157920
69	48	 -0.063016
70	48	  0.047691
71	48	 -0.071389
72	48	  0.003729


49th Eigenvalue:6862.5796775457
1	49	 -0.011024
2	49	 -0.117613
3	49	 -0.078646
4	49	  0.052128
5	49	  0.259315
6	49	  0.215874
7	49	 -0.072038
8	49	 -0.205079
9	49	 -0.270089
10	49	  0.058600
11	49	  0.006938
12	49	  0.182489
13	49	 -0.019537
14	49	  0.191714
15	49	  0.009306
16	49	 -0.183293
17	49	 -0.209840
18	49	 -0.111995
19	49	  0.170123
20	49	  0.072430
21	49	 -0.058939
22	49	  0.076609
23	49	 -0.006491
24	49	  0.017101
25	49	 -0.334884
26	49	  0.093669
27	49	 -0.021635
28	49	  0.397965
29	49	 -0.210042
30	49	  0.091508
31	49	 -0.245213
32	49	  0.202489
33	49	 -0.064735
34	49	  0.063912
35	49	 -0.080454
36	49	 -0.007014
37	49	  0.007089
38	49	 -0.025707
39	49	  0.015130
40	49	 -0.019188
41	49	  0.064158
42	49	 -0.036080
43	49	  0.005049
44	49	 -0.061859
45	49	  0.041871
46	49	 -0.002499
47	49	  0.009916
48	49	 -0.024094
49	49	  0.033521
50	49	  0.069700
51	49	 -0.024924
52	49	  0.068063
53	49	 -0.110521
54	49	  0.060718
55	49	 -0.079303
56	49	  0.060861
57	49	  0.056601
58	49	  0.013408
59	49	 -0.013074
60	49	  0.027583
61	49	  0.077191
62	49	  0.026706
63	49	 -0.002070
64	49	 -0.116389
65	49	 -0.033687
66	49	 -0.038505
67	49	  0.088079
68	49	  0.025827
69	49	  0.014939
70	49	 -0.028369
71	49	 -0.009356
72	49	  0.005605


50th Eigenvalue:6904.6766905740
1	50	  0.023704
2	50	 -0.006284
3	50	  0.016249
4	50	 -0.051624
5	50	  0.037234
6	50	 -0.062830
7	50	  0.008421
8	50	 -0.068358
9	50	  0.107064
10	50	  0.031075
11	50	  0.066144
12	50	 -0.096397
13	50	  0.008620
14	50	 -0.005139
15	50	  0.044832
16	50	 -0.033808
17	50	 -0.072794
18	50	  0.030718
19	50	  0.007138
20	50	  0.117629
21	50	 -0.052867
22	50	 -0.045341
23	50	 -0.030074
24	50	 -0.037793
25	50	  0.074302
26	50	 -0.077969
27	50	  0.017196
28	50	 -0.065358
29	50	  0.165289
30	50	  0.013540
31	50	  0.021675
32	50	 -0.160453
33	50	 -0.032272
34	50	  0.005385
35	50	  0.066410
36	50	  0.020981
37	50	  0.027434
38	50	 -0.046424
39	50	  0.077491
40	50	 -0.070442
41	50	  0.079116
42	50	 -0.218433
43	50	  0.053934
44	50	 -0.017442
45	50	  0.279830
46	50	 -0.017508
47	50	 -0.059888
48	50	 -0.198937
49	50	  0.010800
50	50	  0.062262
51	50	  0.028860
52	50	  0.046193
53	50	  0.004338
54	50	  0.127634
55	50	 -0.030133
56	50	 -0.143321
57	50	 -0.022678
58	50	 -0.131522
59	50	  0.098840
60	50	 -0.082639
61	50	  0.315141
62	50	  0.144045
63	50	  0.039063
64	50	 -0.342022
65	50	 -0.369967
66	50	 -0.003695
67	50	  0.189313
68	50	  0.377537
69	50	 -0.020147
70	50	 -0.035377
71	50	 -0.160730
72	50	  0.025232


51th Eigenvalue:7090.6747046186
1	51	 -0.014493
2	51	  0.022059
3	51	  0.024794
4	51	  0.007472
5	51	 -0.053996
6	51	 -0.061298
7	51	  0.039938
8	51	  0.059264
9	51	  0.065159
10	51	 -0.038278
11	51	 -0.046032
12	51	 -0.042821
13	51	 -0.019943
14	51	  0.022612
15	51	  0.014109
16	51	 -0.007232
17	51	  0.002471
18	51	 -0.003934
19	51	  0.086225
20	51	  0.031072
21	51	  0.001689
22	51	 -0.068090
23	51	 -0.058463
24	51	 -0.051456
25	51	  0.038759
26	51	  0.049769
27	51	  0.012821
28	51	 -0.001708
29	51	 -0.010992
30	51	  0.018840
31	51	 -0.027702
32	51	 -0.016530
33	51	  0.009400
34	51	  0.016490
35	51	  0.011931
36	51	 -0.014935
37	51	 -0.037577
38	51	 -0.142605
39	51	  0.127825
40	51	 -0.002234
41	51	  0.353729
42	51	 -0.306335
43	51	  0.200112
44	51	 -0.334319
45	51	  0.341236
46	51	 -0.164691
47	51	  0.129408
48	51	 -0.275401
49	51	 -0.081068
50	51	  0.040661
51	51	  0.186645
52	51	  0.062069
53	51	 -0.153443
54	51	 -0.042041
55	51	  0.067018
56	51	  0.168222
57	51	 -0.001685
58	51	 -0.040106
59	51	  0.002486
60	51	 -0.053559
61	51	 -0.040711
62	51	 -0.224639
63	51	  0.009090
64	51	  0.077747
65	51	  0.273197
66	51	  0.019668
67	51	 -0.084196
68	51	 -0.191595
69	51	  0.092670
70	51	  0.032200
71	51	  0.065735
72	51	 -0.070481


52th Eigenvalue:7183.3861378689
1	52	  0.060181
2	52	 -0.093253
3	52	 -0.123286
4	52	 -0.017755
5	52	  0.222347
6	52	  0.319506
7	52	 -0.208857
8	52	 -0.243465
9	52	 -0.373229
10	52	  0.163035
11	52	  0.175179
12	52	  0.301065
13	52	  0.077392
14	52	 -0.097563
15	52	 -0.197683
16	52	  0.055398
17	52	 -0.016665
18	52	  0.017199
19	52	 -0.159628
20	52	  0.003976
21	52	  0.056945
22	52	 -0.028317
23	52	  0.155047
24	52	  0.058798
25	52	  0.162061
26	52	 -0.256544
27	52	  0.002796
28	52	 -0.213668
29	52	  0.241037
30	52	 -0.073195
31	52	  0.175342
32	52	 -0.139141
33	52	 -0.018313
34	52	 -0.063694
35	52	  0.038452
36	52	  0.052729
37	52	 -0.011141
38	52	 -0.024870
39	52	  0.023345
40	52	  0.007352
41	52	  0.062702
42	52	 -0.055058
43	52	  0.043676
44	52	 -0.061634
45	52	  0.060402
46	52	 -0.040024
47	52	  0.028796
48	52	 -0.054046
49	52	 -0.033508
50	52	 -0.011006
51	52	  0.054706
52	52	 -0.013724
53	52	 -0.006234
54	52	 -0.028872
55	52	  0.018136
56	52	  0.006759
57	52	 -0.031179
58	52	  0.069821
59	52	  0.012770
60	52	  0.017786
61	52	 -0.092072
62	52	 -0.004279
63	52	 -0.010379
64	52	  0.087377
65	52	  0.018396
66	52	  0.015831
67	52	 -0.049623
68	52	 -0.019206
69	52	 -0.020323
70	52	  0.012241
71	52	  0.008401
72	52	  0.004456


53th Eigenvalue:7399.9020494263
1	53	 -0.095310
2	53	  0.011183
3	53	  0.011319
4	53	  0.148401
5	53	 -0.076071
6	53	  0.033960
7	53	  0.069592
8	53	  0.180652
9	53	 -0.170678
10	53	 -0.122738
11	53	 -0.294619
12	53	  0.253249
13	53	 -0.061837
14	53	  0.347161
15	53	 -0.221637
16	53	 -0.070854
17	53	 -0.268393
18	53	  0.112561
19	53	  0.321431
20	53	  0.154773
21	53	  0.102468
22	53	 -0.291512
23	53	 -0.108809
24	53	 -0.155801
25	53	  0.224834
26	53	 -0.001805
27	53	  0.038594
28	53	 -0.107414
29	53	  0.110735
30	53	  0.030050
31	53	 -0.010778
32	53	 -0.135787
33	53	  0.018255
34	53	  0.026657
35	53	  0.061120
36	53	 -0.021805
37	53	 -0.024804
38	53	  0.003798
39	53	 -0.017384
40	53	  0.037857
41	53	  0.002847
42	53	  0.065148
43	53	 -0.000529
44	53	 -0.027351
45	53	 -0.116010
46	53	 -0.003830
47	53	  0.060232
48	53	  0.129254
49	53	 -0.018373
50	53	 -0.078184
51	53	 -0.099510
52	53	 -0.038430
53	53	  0.087663
54	53	  0.002266
55	53	  0.088351
56	53	 -0.032059
57	53	  0.029158
58	53	 -0.111894
59	53	  0.029914
60	53	 -0.057643
61	53	  0.083338
62	53	 -0.043279
63	53	  0.018287
64	53	 -0.048724
65	53	  0.011583
66	53	  0.009279
67	53	  0.003323
68	53	  0.014370
69	53	  0.028552
70	53	  0.003241
71	53	 -0.009675
72	53	 -0.021930


54th Eigenvalue:7612.9030178514
1	54	  0.025383
2	54	 -0.007277
3	54	 -0.007442
4	54	 -0.038796
5	54	  0.031084
6	54	  0.004989
7	54	 -0.027754
8	54	 -0.059463
9	54	  0.024541
10	54	  0.038560
11	54	  0.085363
12	54	 -0.045356
13	54	  0.012085
14	54	 -0.105550
15	54	  0.037210
16	54	  0.022486
17	54	  0.085657
18	54	 -0.047472
19	54	 -0.101516
20	54	 -0.038127
21	54	 -0.051375
22	54	  0.088027
23	54	  0.019608
24	54	  0.039690
25	54	 -0.065292
26	54	  0.007397
27	54	 -0.008815
28	54	  0.032661
29	54	 -0.027787
30	54	 -0.005132
31	54	 -0.003025
32	54	  0.029939
33	54	 -0.008066
34	54	 -0.009229
35	54	 -0.014585
36	54	  0.005756
37	54	 -0.086654
38	54	 -0.072972
39	54	 -0.006496
40	54	  0.125735
41	54	  0.253467
42	54	  0.091073
43	54	  0.083062
44	54	 -0.378932
45	54	 -0.224974
46	54	 -0.155996
47	54	  0.384126
48	54	  0.275340
49	54	 -0.040470
50	54	 -0.343251
51	54	 -0.212859
52	54	  0.012222
53	54	  0.227793
54	54	  0.126290
55	54	  0.206778
56	54	 -0.086245
57	54	  0.066839
58	54	 -0.206069
59	54	  0.027727
60	54	 -0.100615
61	54	  0.147138
62	54	 -0.005972
63	54	  0.021911
64	54	 -0.080070
65	54	 -0.040132
66	54	  0.017662
67	54	  0.011738
68	54	  0.054622
69	54	  0.029549
70	54	  0.008995
71	54	 -0.026493
72	54	 -0.022248


55th Eigenvalue:8002.5685205922
1	55	 -0.023386
2	55	  0.054041
3	55	  0.000319
4	55	  0.057647
5	55	 -0.175407
6	55	  0.015132
7	55	  0.011394
8	55	  0.247471
9	55	 -0.037810
10	55	 -0.118262
11	55	 -0.200217
12	55	  0.051627
13	55	  0.044258
14	55	  0.116560
15	55	 -0.049638
16	55	  0.146042
17	55	  0.006220
18	55	  0.132597
19	55	 -0.222149
20	55	 -0.159636
21	55	 -0.088080
22	55	  0.228816
23	55	  0.291718
24	55	  0.018165
25	55	 -0.255753
26	55	 -0.325788
27	55	 -0.091345
28	55	  0.282606
29	55	  0.330214
30	55	  0.174315
31	55	 -0.243466
32	55	 -0.262772
33	55	 -0.119374
34	55	  0.095976
35	55	  0.098324
36	55	  0.019624
37	55	 -0.001120
38	55	 -0.004673
39	55	  0.000550
40	55	  0.000619
41	55	  0.016111
42	55	 -0.001783
43	55	  0.003370
44	55	 -0.022187
45	55	  0.005043
46	55	 -0.009640
47	55	  0.008438
48	55	 -0.010914
49	55	 -0.001209
50	55	  0.007755
51	55	  0.017587
52	55	  0.007823
53	55	 -0.026428
54	55	 -0.013079
55	55	 -0.006073
56	55	 -0.006256
57	55	 -0.015074
58	55	  0.001706
59	55	  0.014040
60	55	 -0.002494
61	55	  0.008625
62	55	 -0.016765
63	55	  0.001773
64	55	 -0.012184
65	55	  0.017593
66	55	 -0.011473
67	55	  0.011588
68	55	 -0.014687
69	55	  0.003572
70	55	 -0.007226
71	55	  0.006330
72	55	  0.000758


56th Eigenvalue:8161.4318256987
1	56	 -0.015665
2	56	  0.009647
3	56	  0.007411
4	56	  0.022807
5	56	 -0.035116
6	56	 -0.015877
7	56	  0.024104
8	56	  0.057735
9	56	  0.014022
10	56	 -0.043386
11	56	 -0.054112
12	56	 -0.018918
13	56	 -0.013949
14	56	  0.058446
15	56	  0.047319
16	56	 -0.025810
17	56	 -0.022526
18	56	 -0.006533
19	56	  0.085487
20	56	  0.035238
21	56	  0.007597
22	56	 -0.034680
23	56	 -0.022168
24	56	 -0.037121
25	56	  0.012593
26	56	  0.002036
27	56	 -0.003812
28	56	  0.012275
29	56	  0.018324
30	56	  0.018585
31	56	 -0.027348
32	56	 -0.026433
33	56	  0.000771
34	56	  0.013398
35	56	  0.012325
36	56	 -0.007675
37	56	  0.010690
38	56	 -0.037466
39	56	 -0.001191
40	56	  0.000798
41	56	  0.129763
42	56	  0.007413
43	56	  0.000528
44	56	 -0.188985
45	56	 -0.000348
46	56	 -0.074180
47	56	  0.159737
48	56	 -0.012788
49	56	  0.067584
50	56	 -0.098102
51	56	  0.007026
52	56	  0.127521
53	56	 -0.009415
54	56	  0.102859
55	56	 -0.269608
56	56	  0.126005
57	56	 -0.125354
58	56	  0.264465
59	56	 -0.267691
60	56	  0.029928
61	56	 -0.286416
62	56	  0.323266
63	56	 -0.105103
64	56	  0.305242
65	56	 -0.334971
66	56	  0.189699
67	56	 -0.245271
68	56	  0.258921
69	56	 -0.102455
70	56	  0.088822
71	56	 -0.094456
72	56	  0.004546


57th Eigenvalue:9569.4175812510
1	57	 -0.038019
2	57	 -0.036400
3	57	  0.028326
4	57	  0.026684
5	57	  0.114066
6	57	 -0.064228
7	57	  0.072584
8	57	 -0.147763
9	57	  0.054081
10	57	  0.017898
11	57	  0.095738
12	57	 -0.080365
13	57	 -0.109916
14	57	 -0.040189
15	57	  0.219415
16	57	 -0.195710
17	57	  0.171516
18	57	 -0.343368
19	57	  0.375131
20	57	 -0.321978
21	57	  0.351396
22	57	 -0.182183
23	57	  0.245868
24	57	 -0.103826
25	57	  0.063249
26	57	 -0.195977
27	57	 -0.077514
28	57	  0.056960
29	57	  0.161317
30	57	  0.082928
31	57	 -0.117090
32	57	 -0.130804
33	57	  0.016991
34	57	  0.058452
35	57	  0.051250
36	57	 -0.032373
37	57	  0.001766
38	57	  0.000802
39	57	 -0.002176
40	57	 -0.005367
41	57	 -0.002595
42	57	  0.007185
43	57	 -0.009186
44	57	  0.002405
45	57	 -0.014057
46	57	  0.018735
47	57	  0.000525
48	57	  0.033944
49	57	  0.018492
50	57	  0.010234
51	57	 -0.097078
52	57	  0.006433
53	57	  0.066278
54	57	  0.079026
55	57	 -0.091939
56	57	 -0.096126
57	57	 -0.101942
58	57	  0.065974
59	57	  0.119437
60	57	  0.013619
61	57	 -0.033048
62	57	 -0.116363
63	57	  0.023521
64	57	 -0.000152
65	57	  0.067928
66	57	  0.001619
67	57	 -0.003587
68	57	 -0.022073
69	57	  0.017075
70	57	  0.003841
71	57	  0.002905
72	57	 -0.012198


58th Eigenvalue:10440.5401539446
1	58	 -0.008293
2	58	 -0.009426
3	58	  0.005467
4	58	  0.002075
5	58	  0.032189
6	58	 -0.010540
7	58	  0.006788
8	58	 -0.047450
9	58	  0.003630
10	58	  0.009884
11	58	  0.043914
12	58	  0.006091
13	58	 -0.052769
14	58	 -0.069555
15	58	 -0.031458
16	58	 -0.039937
17	58	  0.089990
18	58	 -0.091312
19	58	  0.075972
20	58	 -0.148288
21	58	  0.106209
22	58	 -0.024841
23	58	  0.054735
24	58	 -0.039076
25	58	  0.004935
26	58	 -0.018596
27	58	 -0.042558
28	58	  0.032867
29	58	  0.035648
30	58	  0.043383
31	58	 -0.066455
32	58	 -0.052209
33	58	  0.026088
34	58	  0.033653
35	58	  0.024305
36	58	 -0.027552
37	58	 -0.050999
38	58	  0.011159
39	58	  0.015075
40	58	  0.048510
41	58	 -0.050920
42	58	 -0.023632
43	58	  0.061108
44	58	  0.095828
45	58	 -0.009149
46	58	  0.008623
47	58	 -0.100153
48	58	  0.025631
49	58	 -0.129385
50	58	  0.080430
51	58	  0.044303
52	58	 -0.124637
53	58	 -0.113345
54	58	 -0.250484
55	58	  0.398476
56	58	  0.379578
57	58	  0.363503
58	58	 -0.259087
59	58	 -0.370523
60	58	 -0.102466
61	58	  0.077036
62	58	  0.213044
63	58	 -0.086238
64	58	  0.039419
65	58	 -0.142963
66	58	  0.076563
67	58	 -0.081775
68	58	  0.099133
69	58	  0.033513
70	58	  0.038831
71	58	 -0.036524
72	58	 -0.034991


59th Eigenvalue:14613.9733521720
1	59	  0.042067
2	59	  0.018527
3	59	 -0.020995
4	59	 -0.044382
5	59	 -0.058999
6	59	  0.037322
7	59	 -0.046676
8	59	  0.087856
9	59	 -0.001039
10	59	 -0.014300
11	59	 -0.072096
12	59	 -0.045322
13	59	  0.064439
14	59	  0.102195
15	59	  0.153960
16	59	 -0.044876
17	59	 -0.095610
18	59	 -0.159285
19	59	  0.097380
20	59	 -0.055283
21	59	 -0.016846
22	59	 -0.072921
23	59	  0.123925
24	59	  0.053779
25	59	 -0.012306
26	59	 -0.105690
27	59	  0.125573
28	59	 -0.038447
29	59	 -0.001575
30	59	 -0.052952
31	59	  0.119862
32	59	  0.079627
33	59	 -0.105730
34	59	 -0.063793
35	59	 -0.043082
36	59	  0.071647
37	59	  0.089334
38	59	 -0.006189
39	59	 -0.024924
40	59	 -0.083353
41	59	  0.042297
42	59	  0.032845
43	59	 -0.090318
44	59	 -0.094816
45	59	  0.027404
46	59	  0.002577
47	59	  0.124166
48	59	 -0.110848
49	59	  0.125992
50	59	 -0.171852
51	59	  0.250490
52	59	  0.021531
53	59	  0.182915
54	59	 -0.326557
55	59	  0.034020
56	59	  0.003646
57	59	 -0.071207
58	59	 -0.111121
59	59	 -0.208860
60	59	  0.169136
61	59	 -0.018980
62	59	  0.235818
63	59	  0.253940
64	59	 -0.069476
65	59	 -0.007056
66	59	 -0.164083
67	59	  0.243429
68	59	 -0.177419
69	59	 -0.274669
70	59	 -0.129680
71	59	  0.097556
72	59	  0.198360


60th Eigenvalue:14960.8501808310
1	60	  0.087046
2	60	  0.036630
3	60	 -0.043259
4	60	 -0.097094
5	60	 -0.115484
6	60	  0.077128
7	60	 -0.092548
8	60	  0.166584
9	60	 -0.005401
10	60	  0.001912
11	60	 -0.131828
12	60	 -0.081492
13	60	  0.154016
14	60	  0.173142
15	60	  0.263950
16	60	 -0.050312
17	60	 -0.172171
18	60	 -0.299051
19	60	  0.028678
20	60	 -0.023058
21	60	 -0.200706
22	60	 -0.100809
23	60	  0.217554
24	60	  0.107584
25	60	 -0.042541
26	60	 -0.195641
27	60	  0.276893
28	60	 -0.080714
29	60	 -0.013201
30	60	 -0.107925
31	60	  0.253483
32	60	  0.170359
33	60	 -0.228443
34	60	 -0.136119
35	60	 -0.091940
36	60	  0.152547
37	60	 -0.049592
38	60	  0.003157
39	60	  0.014100
40	60	  0.047768
41	60	 -0.022660
42	60	 -0.018692
43	60	  0.051081
44	60	  0.050426
45	60	 -0.014212
46	60	 -0.005925
47	60	 -0.064901
48	60	  0.056697
49	60	 -0.066084
50	60	  0.094677
51	60	 -0.122718
52	60	  0.005137
53	60	 -0.127141
54	60	  0.151632
55	60	  0.074389
56	60	  0.035765
57	60	  0.115762
58	60	  0.021742
59	60	  0.074203
60	60	 -0.081650
61	60	  0.018240
62	60	 -0.102511
63	60	 -0.132968
64	60	  0.034664
65	60	 -0.002690
66	60	  0.080498
67	60	 -0.121303
68	60	  0.089596
69	60	  0.138703
70	60	  0.064883
71	60	 -0.048868
72	60	 -0.098974


61th Eigenvalue:24025.8420726045
1	61	 -0.251354
2	61	 -0.071966
3	61	  0.111330
4	61	  0.396133
5	61	  0.188541
6	61	 -0.208452
7	61	  0.174797
8	61	 -0.246332
9	61	  0.040029
10	61	 -0.379656
11	61	  0.194840
12	61	  0.105032
13	61	 -0.208616
14	61	 -0.026264
15	61	 -0.030419
16	61	  0.275710
17	61	 -0.000345
18	61	  0.116686
19	61	  0.080550
20	61	 -0.097858
21	61	 -0.241622
22	61	 -0.028342
23	61	  0.124696
24	61	 -0.047245
25	61	 -0.074380
26	61	 -0.097102
27	61	  0.251302
28	61	 -0.037896
29	61	 -0.007352
30	61	  0.001496
31	61	  0.142707
32	61	  0.095263
33	61	 -0.188565
34	61	 -0.073495
35	61	 -0.050003
36	61	  0.091534
37	61	  0.022994
38	61	 -0.000398
39	61	 -0.006233
40	61	 -0.030637
41	61	  0.004670
42	61	  0.009827
43	61	 -0.023400
44	61	 -0.017413
45	61	  0.004304
46	61	  0.028349
47	61	  0.025100
48	61	 -0.017905
49	61	  0.029624
50	61	 -0.012630
51	61	  0.015645
52	61	 -0.013787
53	61	 -0.001653
54	61	 -0.019713
55	61	 -0.020623
56	61	  0.011291
57	61	  0.023141
58	61	 -0.010111
59	61	 -0.011394
60	61	  0.001117
61	61	  0.006784
62	61	 -0.008038
63	61	 -0.021859
64	61	  0.002327
65	61	 -0.000648
66	61	  0.002626
67	61	 -0.011696
68	61	  0.008778
69	61	  0.017494
70	61	  0.004019
71	61	 -0.003783
72	61	 -0.009546


62th Eigenvalue:28361.4709898359
1	62	  0.019291
2	62	  0.005221
3	62	 -0.008406
4	62	 -0.032739
5	62	 -0.013002
6	62	  0.016000
7	62	 -0.009112
8	62	  0.016224
9	62	 -0.003704
10	62	  0.038092
11	62	 -0.014119
12	62	 -0.007706
13	62	  0.012699
14	62	 -0.000537
15	62	 -0.002682
16	62	 -0.032726
17	62	 -0.003691
18	62	 -0.015162
19	62	 -0.015436
20	62	 -0.010835
21	62	  0.029389
22	62	 -0.000549
23	62	 -0.005443
24	62	  0.010412
25	62	  0.006634
26	62	  0.005164
27	62	 -0.020916
28	62	  0.003046
29	62	  0.000742
30	62	 -0.001943
31	62	 -0.010135
32	62	 -0.006750
33	62	  0.015954
34	62	  0.006792
35	62	  0.004148
36	62	 -0.006846
37	62	  0.245534
38	62	 -0.002633
39	62	 -0.066765
40	62	 -0.352338
41	62	  0.041032
42	62	  0.108721
43	62	 -0.235046
44	62	 -0.175404
45	62	  0.040570
46	62	  0.378071
47	62	  0.256295
48	62	 -0.175248
49	62	  0.240769
50	62	 -0.106418
51	62	  0.095843
52	62	 -0.308941
53	62	  0.008774
54	62	 -0.146767
55	62	 -0.034831
56	62	 -0.070470
57	62	  0.275329
58	62	  0.029554
59	62	  0.120528
60	62	  0.041109
61	62	  0.081999
62	62	 -0.084931
63	62	 -0.276098
64	62	  0.027205
65	62	 -0.007624
66	62	 -0.001421
67	62	 -0.116750
68	62	  0.088597
69	62	  0.200352
70	62	  0.058917
71	62	 -0.044868
72	62	 -0.100014


63th Eigenvalue:66245.7746673564
1	63	  0.053711
2	63	  0.012793
3	63	 -0.022335
4	63	 -0.127366
5	63	 -0.021541
6	63	  0.048466
7	63	  0.041711
8	63	  0.020137
9	63	 -0.020895
10	63	  0.155030
11	63	 -0.034015
12	63	 -0.016480
13	63	 -0.113255
14	63	 -0.034432
15	63	 -0.079010
16	63	 -0.095147
17	63	  0.132612
18	63	  0.198286
19	63	  0.099942
20	63	 -0.072306
21	63	 -0.055448
22	63	  0.064567
23	63	  0.011208
24	63	 -0.219672
25	63	 -0.060989
26	63	 -0.014610
27	63	  0.154089
28	63	 -0.030026
29	63	 -0.010381
30	63	  0.095516
31	63	  0.066448
32	63	  0.042006
33	63	 -0.131888
34	63	 -0.029292
35	63	 -0.020347
36	63	  0.038882
37	63	  0.100448
38	63	  0.000382
39	63	 -0.026768
40	63	 -0.196910
41	63	  0.003030
42	63	  0.053496
43	63	 -0.030161
44	63	 -0.056368
45	63	  0.001976
46	63	  0.290829
47	63	  0.094413
48	63	 -0.044965
49	63	 -0.111108
50	63	  0.032509
51	63	 -0.101725
52	63	 -0.239840
53	63	 -0.181392
54	63	  0.349299
55	63	  0.191314
56	63	  0.145056
57	63	 -0.201719
58	63	  0.057232
59	63	 -0.057745
60	63	 -0.282122
61	63	 -0.100620
62	63	  0.025301
63	63	  0.279429
64	63	 -0.033126
65	63	  0.018522
66	63	  0.108944
67	63	  0.083017
68	63	 -0.062958
69	63	 -0.189935
70	63	 -0.036408
71	63	  0.028124
72	63	  0.064581


64th Eigenvalue:67790.8465773656
1	64	  0.088081
2	64	  0.020958
3	64	 -0.036621
4	64	 -0.210091
5	64	 -0.035003
6	64	  0.079655
7	64	  0.073183
8	64	  0.031795
9	64	 -0.035106
10	64	  0.254892
11	64	 -0.055092
12	64	 -0.026795
13	64	 -0.195786
14	64	 -0.048118
15	64	 -0.118799
16	64	 -0.184387
17	64	  0.199623
18	64	  0.319310
19	64	  0.169097
20	64	 -0.140856
21	64	 -0.064237
22	64	  0.106518
23	64	  0.016475
24	64	 -0.359186
25	64	 -0.097710
26	64	 -0.022101
27	64	  0.245694
28	64	 -0.048812
29	64	 -0.016768
30	64	  0.157463
31	64	  0.106294
32	64	  0.067097
33	64	 -0.213406
34	64	 -0.047627
35	64	 -0.032762
36	64	  0.062095
37	64	 -0.060096
38	64	 -0.000240
39	64	  0.016028
40	64	  0.118720
41	64	 -0.001673
42	64	 -0.032172
43	64	  0.016486
44	64	  0.033459
45	64	 -0.000865
46	64	 -0.175204
47	64	 -0.055994
48	64	  0.026467
49	64	  0.071566
50	64	 -0.019166
51	64	  0.059929
52	64	  0.141874
53	64	  0.123559
54	64	 -0.201821
55	64	 -0.147371
56	64	 -0.097138
57	64	  0.107759
58	64	 -0.033163
59	64	  0.036877
60	64	  0.174155
61	64	  0.060687
62	64	 -0.014405
63	64	 -0.168184
64	64	  0.020146
65	64	 -0.011225
66	64	 -0.067561
67	64	 -0.049599
68	64	  0.037644
69	64	  0.114731
70	64	  0.022302
71	64	 -0.016946
72	64	 -0.038534


65th Eigenvalue:163684.4527806081
1	65	 -0.104578
2	65	 -0.024344
3	65	  0.043027
4	65	  0.327569
5	65	  0.020974
6	65	 -0.107834
7	65	 -0.344165
8	65	  0.030074
9	65	  0.087885
10	65	 -0.048227
11	65	 -0.002585
12	65	 -0.011257
13	65	  0.342518
14	65	 -0.038963
15	65	 -0.006975
16	65	 -0.103789
17	65	 -0.041738
18	65	 -0.126491
19	65	 -0.191872
20	65	  0.121437
21	65	  0.363044
22	65	  0.170882
23	65	 -0.087249
24	65	 -0.386096
25	65	 -0.031668
26	65	  0.029915
27	65	  0.006619
28	65	 -0.088916
29	65	 -0.042150
30	65	  0.348257
31	65	  0.105115
32	65	  0.062748
33	65	 -0.260215
34	65	 -0.040662
35	65	 -0.028229
36	65	  0.053167
37	65	  0.001235
38	65	  0.000010
39	65	 -0.000321
40	65	 -0.003064
41	65	 -0.000086
42	65	  0.000785
43	65	  0.001620
44	65	 -0.000166
45	65	 -0.000392
46	65	  0.002956
47	65	  0.000579
48	65	 -0.000048
49	65	 -0.004957
50	65	 -0.000258
51	65	 -0.000214
52	65	 -0.000747
53	65	 -0.000617
54	65	 -0.001687
55	65	  0.009495
56	65	 -0.002081
57	65	 -0.001855
58	65	  0.000646
59	65	  0.002481
60	65	  0.003387
61	65	  0.000816
62	65	  0.000280
63	65	 -0.001814
64	65	  0.000665
65	65	 -0.000517
66	65	 -0.002586
67	65	 -0.000892
68	65	  0.000652
69	65	  0.002193
70	65	  0.000022
71	65	 -0.000169
72	65	 -0.000579


66th Eigenvalue:207990.0999322696
1	66	 -0.000072
2	66	 -0.000018
3	66	  0.000032
4	66	  0.000230
5	66	  0.000022
6	66	 -0.000075
7	66	 -0.000092
8	66	 -0.000046
9	66	  0.000036
10	66	  0.000831
11	66	 -0.000143
12	66	 -0.000061
13	66	  0.002515
14	66	 -0.000676
15	66	 -0.000541
16	66	  0.001315
17	66	  0.004577
18	66	 -0.005873
19	66	 -0.005738
20	66	 -0.001500
21	66	  0.004945
22	66	  0.001272
23	66	 -0.000879
24	66	 -0.002462
25	66	  0.000263
26	66	  0.000500
27	66	 -0.002009
28	66	 -0.001338
29	66	 -0.000627
30	66	  0.005466
31	66	  0.001311
32	66	  0.000773
33	66	 -0.003659
34	66	 -0.000734
35	66	 -0.000414
36	66	  0.000640
37	66	 -0.127923
38	66	 -0.001103
39	66	  0.033764
40	66	  0.342386
41	66	  0.011731
42	66	 -0.085963
43	66	 -0.247089
44	66	 -0.001173
45	66	  0.058001
46	66	 -0.180659
47	66	 -0.022451
48	66	 -0.014879
49	66	  0.434919
50	66	  0.022988
51	66	  0.012961
52	66	 -0.209478
53	66	  0.003068
54	66	 -0.068701
55	66	 -0.111071
56	66	 -0.056752
57	66	  0.314161
58	66	  0.164258
59	66	  0.060758
60	66	 -0.427917
61	66	 -0.045081
62	66	 -0.031869
63	66	  0.058023
64	66	 -0.074234
65	66	  0.053240
66	66	  0.317870
67	66	  0.085120
68	66	 -0.063884
69	66	 -0.248282
70	66	 -0.030911
71	66	  0.023879
72	66	  0.054523


67th Eigenvalue:223224.9208320322
1	67	 -0.116862
2	67	 -0.027201
3	67	  0.048044
4	67	  0.399060
5	67	  0.015537
6	67	 -0.126511
7	67	 -0.530251
8	67	  0.072064
9	67	  0.125065
10	67	  0.277764
11	67	 -0.073386
12	67	 -0.055450
13	67	  0.083150
14	67	 -0.041780
15	67	 -0.061356
16	67	 -0.225623
17	67	  0.130559
18	67	  0.197722
19	67	  0.167601
20	67	 -0.111183
21	67	 -0.221132
22	67	 -0.054061
23	67	  0.050406
24	67	  0.090640
25	67	 -0.029442
26	67	 -0.032061
27	67	  0.158212
28	67	  0.082191
29	67	  0.042212
30	67	 -0.327182
31	67	 -0.079726
32	67	 -0.046668
33	67	  0.209203
34	67	  0.029329
35	67	  0.020386
36	67	 -0.038226
37	67	 -0.001745
38	67	 -0.000015
39	67	  0.000458
40	67	  0.004732
41	67	  0.000174
42	67	 -0.001187
43	67	 -0.003738
44	67	 -0.000142
45	67	  0.000868
46	67	 -0.001736
47	67	 -0.000168
48	67	 -0.000265
49	67	  0.005418
50	67	  0.000440
51	67	 -0.000169
52	67	 -0.003322
53	67	  0.002567
54	67	  0.003208
55	67	 -0.003762
56	67	 -0.003669
57	67	 -0.001775
58	67	  0.001102
59	67	  0.001740
60	67	  0.000577
61	67	  0.000147
62	67	  0.000206
63	67	 -0.000232
64	67	  0.000267
65	67	 -0.000230
66	67	 -0.000976
67	67	 -0.000320
68	67	  0.000222
69	67	  0.000658
70	67	 -0.000170
71	67	 -0.000009
72	67	 -0.000195


68th Eigenvalue:262651.8347871025
1	68	 -0.000624
2	68	 -0.000146
3	68	  0.000258
4	68	  0.002233
5	68	  0.000064
6	68	 -0.000694
7	68	 -0.003152
8	68	  0.000446
9	68	  0.000730
10	68	  0.003308
11	68	 -0.000730
12	68	 -0.000481
13	68	 -0.000126
14	68	  0.000015
15	68	 -0.000012
16	68	 -0.002890
17	68	  0.003952
18	68	 -0.001344
19	68	 -0.000548
20	68	 -0.003789
21	68	  0.000223
22	68	  0.000211
23	68	  0.000172
24	68	 -0.000757
25	68	 -0.000496
26	68	 -0.000226
27	68	  0.001997
28	68	  0.000634
29	68	  0.000306
30	68	 -0.002650
31	68	 -0.000501
32	68	 -0.000293
33	68	  0.001601
34	68	  0.000420
35	68	  0.000197
36	68	 -0.000233
37	68	  0.148909
38	68	  0.001335
39	68	 -0.039269
40	68	 -0.422185
41	68	 -0.017113
42	68	  0.104829
43	68	  0.396372
44	68	  0.033150
45	68	 -0.091170
46	68	 -0.029915
47	68	 -0.022136
48	68	  0.037831
49	68	 -0.270980
50	68	 -0.029564
51	68	  0.027829
52	68	  0.283718
53	68	  0.096097
54	68	 -0.171099
55	68	 -0.180193
56	68	 -0.100399
57	68	  0.302986
58	68	  0.102839
59	68	  0.055681
60	68	 -0.241451
61	68	  0.001596
62	68	 -0.038522
63	68	 -0.084943
64	68	 -0.081459
65	68	  0.060376
66	68	  0.351544
67	68	  0.081146
68	68	 -0.060756
69	68	 -0.245599
70	68	 -0.028317
71	68	  0.021883
72	68	  0.049875


69th Eigenvalue:296164.3023020762
1	69	 -0.026823
2	69	 -0.006251
3	69	  0.011027
4	69	  0.098768
5	69	  0.001886
6	69	 -0.030362
7	69	 -0.158209
8	69	  0.026297
9	69	  0.035483
10	69	  0.176021
11	69	 -0.039430
12	69	 -0.026211
13	69	 -0.135952
14	69	  0.014442
15	69	 -0.002540
16	69	 -0.005621
17	69	  0.041536
18	69	  0.089282
19	69	  0.133161
20	69	 -0.079635
21	69	 -0.249668
22	69	 -0.153948
23	69	  0.029779
24	69	  0.393092
25	69	  0.134862
26	69	  0.046134
27	69	 -0.489808
28	69	 -0.126128
29	69	 -0.069022
30	69	  0.504735
31	69	  0.102994
32	69	  0.059238
33	69	 -0.283438
34	69	 -0.036206
35	69	 -0.025183
36	69	  0.047033
37	69	  0.000581
38	69	  0.000005
39	69	 -0.000151
40	69	 -0.001679
41	69	 -0.000075
42	69	  0.000418
43	69	  0.001793
44	69	  0.000226
45	69	 -0.000406
46	69	 -0.000764
47	69	 -0.000195
48	69	  0.000182
49	69	 -0.000043
50	69	 -0.000067
51	69	  0.000074
52	69	  0.001055
53	69	  0.000697
54	69	  0.001130
55	69	 -0.003327
56	69	  0.000082
57	69	 -0.000378
58	69	 -0.000462
59	69	 -0.000513
60	69	  0.000471
61	69	 -0.000072
62	69	  0.000081
63	69	  0.000352
64	69	  0.000155
65	69	 -0.000118
66	69	 -0.000651
67	69	 -0.000157
68	69	  0.000114
69	69	  0.000428
70	69	  0.000000
71	69	 -0.000027
72	69	 -0.000095


70th Eigenvalue:360018.9843663407
1	70	 -0.000010
2	70	 -0.000002
3	70	  0.000005
4	70	  0.000056
5	70	 -0.000001
6	70	 -0.000014
7	70	 -0.000100
8	70	  0.000003
9	70	  0.000024
10	70	  0.000009
11	70	 -0.000017
12	70	 -0.000015
13	70	 -0.000898
14	70	  0.000359
15	70	  0.000362
16	70	 -0.001321
17	70	 -0.001987
18	70	  0.001651
19	70	  0.001417
20	70	  0.000081
21	70	 -0.001019
22	70	 -0.000345
23	70	  0.000115
24	70	  0.000808
25	70	  0.000204
26	70	  0.000037
27	70	 -0.000687
28	70	 -0.000127
29	70	 -0.000069
30	70	  0.000534
31	70	  0.000058
32	70	  0.000035
33	70	 -0.000289
34	70	 -0.000143
35	70	 -0.000050
36	70	  0.000023
37	70	 -0.096692
38	70	 -0.000895
39	70	  0.025479
40	70	  0.295968
41	70	  0.014194
42	70	 -0.072498
43	70	 -0.371816
44	70	 -0.056425
45	70	  0.084330
46	70	  0.367815
47	70	  0.068981
48	70	 -0.040315
49	70	 -0.365141
50	70	 -0.038541
51	70	  0.008577
52	70	  0.189497
53	70	  0.021666
54	70	 -0.008166
55	70	  0.015187
56	70	  0.003641
57	70	 -0.089721
58	70	 -0.078906
59	70	 -0.002052
60	70	  0.228963
61	70	  0.086360
62	70	 -0.042739
63	70	 -0.339311
64	70	 -0.092338
65	70	  0.071253
66	70	  0.399278
67	70	  0.076624
68	70	 -0.057190
69	70	 -0.242567
70	70	 -0.025357
71	70	  0.019602
72	70	  0.044568


71th Eigenvalue:393196.4312649976
1	71	 -0.000093
2	71	 -0.000022
3	71	  0.000038
4	71	  0.000353
5	71	  0.000002
6	71	 -0.000108
7	71	 -0.000615
8	71	  0.000123
9	71	  0.000133
10	71	  0.001450
11	71	 -0.000271
12	71	 -0.000161
13	71	 -0.000417
14	71	  0.000083
15	71	  0.000130
16	71	  0.000217
17	71	  0.003587
18	71	 -0.002334
19	71	 -0.001048
20	71	 -0.002059
21	71	  0.000382
22	71	  0.000064
23	71	 -0.000008
24	71	 -0.000142
25	71	 -0.000029
26	71	 -0.000002
27	71	  0.000090
28	71	  0.000014
29	71	  0.000007
30	71	 -0.000049
31	71	 -0.000030
32	71	 -0.000016
33	71	  0.000017
34	71	 -0.000058
35	71	 -0.000013
36	71	 -0.000015
37	71	 -0.057224
38	71	 -0.000533
39	71	  0.015076
40	71	  0.178917
41	71	  0.008920
42	71	 -0.043671
43	71	 -0.241544
44	71	 -0.040122
45	71	  0.054658
46	71	  0.297236
47	71	  0.051527
48	71	 -0.025863
49	71	 -0.366601
50	71	 -0.045483
51	71	  0.024871
52	71	  0.271147
53	71	  0.073218
54	71	 -0.125885
55	71	 -0.154969
56	71	 -0.081348
57	71	  0.279801
58	71	  0.132878
59	71	  0.027773
60	71	 -0.355036
61	71	 -0.097475
62	71	  0.036170
63	71	  0.359493
64	71	  0.080827
65	71	 -0.063032
66	71	 -0.349236
67	71	 -0.063811
68	71	  0.047585
69	71	  0.204367
70	71	  0.020811
71	71	 -0.016088
72	71	 -0.036555


72th Eigenvalue:459957.2799735213
1	72	  0.023554
2	72	  0.005508
3	72	 -0.009689
4	72	 -0.096999
5	72	  0.000713
6	72	  0.028577
7	72	  0.201034
8	72	 -0.039945
9	72	 -0.042754
10	72	 -0.416072
11	72	  0.084642
12	72	  0.052246
13	72	  0.620686
14	72	 -0.138125
15	72	 -0.115218
16	72	 -0.444199
17	72	  0.157802
18	72	  0.196799
19	72	  0.144883
20	72	 -0.093571
21	72	 -0.178667
22	72	 -0.051939
23	72	  0.024616
24	72	  0.111795
25	72	  0.020335
26	72	  0.001839
27	72	 -0.063935
28	72	 -0.008812
29	72	 -0.005247
30	72	  0.035170
31	72	  0.005577
32	72	  0.003124
33	72	 -0.016382
34	72	 -0.001828
35	72	 -0.001273
36	72	  0.002363
37	72	 -0.000004
38	72	 -0.000000
39	72	  0.000001
40	72	  0.000016
41	72	  0.000001
42	72	 -0.000004
43	72	 -0.000020
44	72	 -0.000002
45	72	  0.000005
46	72	  0.000041
47	72	  0.000003
48	72	 -0.000001
49	72	 -0.000117
50	72	 -0.000051
51	72	  0.000040
52	72	 -0.000375
53	72	  0.002712
54	72	  0.001258
55	72	  0.001631
56	72	 -0.005701
57	72	  0.000082
58	72	  0.002468
59	72	  0.002926
60	72	 -0.001406
61	72	  0.000074
62	72	  0.000073
63	72	 -0.000185
64	72	  0.000036
65	72	 -0.000039
66	72	 -0.000137
67	72	 -0.000002
68	72	  0.000003
69	72	  0.000043
70	72	  0.000034
71	72	 -0.000009
72	72	  0.000001


